"Stress Mpa","Strain","Qual State","Qual Exceptions","Elapsed Time Sec","Data State","Cycle Label","Cycle","Count","Sample","Alloy","Heat","Material_Form"
12.75,0.00002,"Qualified",,0.00,"CapPass","Cycle 1",1,1,"4-1-1","Alloy 617",314626,"Plate"
16.40,0.00004,"Qualified",,0.03,"CapPass","Cycle 1",1,2,"4-1-1","Alloy 617",314626,"Plate"
20.13,0.00007,"Qualified",,0.06,"CapPass","Cycle 1",1,3,"4-1-1","Alloy 617",314626,"Plate"
23.67,0.00010,"Qualified",,0.08,"CapPass","Cycle 1",1,4,"4-1-1","Alloy 617",314626,"Plate"
27.30,0.00012,"Qualified",,0.11,"CapPass","Cycle 1",1,5,"4-1-1","Alloy 617",314626,"Plate"
31.07,0.00015,"Qualified",,0.14,"CapPass","Cycle 1",1,6,"4-1-1","Alloy 617",314626,"Plate"
34.60,0.00017,"Qualified",,0.17,"CapPass","Cycle 1",1,7,"4-1-1","Alloy 617",314626,"Plate"
38.28,0.00020,"Qualified",,0.20,"CapPass","Cycle 1",1,8,"4-1-1","Alloy 617",314626,"Plate"
42.11,0.00022,"Qualified",,0.23,"CapPass","Cycle 1",1,9,"4-1-1","Alloy 617",314626,"Plate"
45.43,0.00025,"Qualified",,0.26,"CapPass","Cycle 1",1,10,"4-1-1","Alloy 617",314626,"Plate"
49.17,0.00027,"Qualified",,0.29,"CapPass","Cycle 1",1,11,"4-1-1","Alloy 617",314626,"Plate"
53.28,0.00030,"Qualified",,0.33,"CapPass","Cycle 1",1,12,"4-1-1","Alloy 617",314626,"Plate"
57.08,0.00032,"Qualified",,0.36,"CapPass","Cycle 1",1,13,"4-1-1","Alloy 617",314626,"Plate"
60.56,0.00035,"Qualified",,0.39,"CapPass","Cycle 1",1,14,"4-1-1","Alloy 617",314626,"Plate"
64.45,0.00037,"Qualified",,0.42,"CapPass","Cycle 1",1,15,"4-1-1","Alloy 617",314626,"Plate"
68.49,0.00040,"Qualified",,0.46,"CapPass","Cycle 1",1,16,"4-1-1","Alloy 617",314626,"Plate"
72.38,0.00043,"Qualified",,0.49,"CapPass","Cycle 1",1,17,"4-1-1","Alloy 617",314626,"Plate"
76.54,0.00045,"Qualified",,0.52,"CapPass","Cycle 1",1,18,"4-1-1","Alloy 617",314626,"Plate"
80.75,0.00048,"Qualified",,0.55,"CapPass","Cycle 1",1,19,"4-1-1","Alloy 617",314626,"Plate"
84.69,0.00050,"Qualified",,0.57,"CapPass","Cycle 1",1,20,"4-1-1","Alloy 617",314626,"Plate"
88.50,0.00053,"Qualified",,0.60,"CapPass","Cycle 1",1,21,"4-1-1","Alloy 617",314626,"Plate"
92.53,0.00055,"Qualified",,0.62,"CapPass","Cycle 1",1,22,"4-1-1","Alloy 617",314626,"Plate"
96.45,0.00058,"Qualified",,0.64,"CapPass","Cycle 1",1,23,"4-1-1","Alloy 617",314626,"Plate"
100.29,0.00060,"Qualified",,0.66,"CapPass","Cycle 1",1,24,"4-1-1","Alloy 617",314626,"Plate"
104.10,0.00063,"Qualified",,0.68,"CapPass","Cycle 1",1,25,"4-1-1","Alloy 617",314626,"Plate"
108.00,0.00066,"Qualified",,0.70,"CapPass","Cycle 1",1,26,"4-1-1","Alloy 617",314626,"Plate"
111.70,0.00068,"Qualified",,0.72,"CapPass","Cycle 1",1,27,"4-1-1","Alloy 617",314626,"Plate"
115.67,0.00071,"Qualified",,0.74,"CapPass","Cycle 1",1,28,"4-1-1","Alloy 617",314626,"Plate"
119.49,0.00073,"Qualified",,0.76,"CapPass","Cycle 1",1,29,"4-1-1","Alloy 617",314626,"Plate"
123.27,0.00076,"Qualified",,0.78,"CapPass","Cycle 1",1,30,"4-1-1","Alloy 617",314626,"Plate"
127.06,0.00078,"Qualified",,0.80,"CapPass","Cycle 1",1,31,"4-1-1","Alloy 617",314626,"Plate"
130.93,0.00081,"Qualified",,0.82,"CapPass","Cycle 1",1,32,"4-1-1","Alloy 617",314626,"Plate"
134.63,0.00083,"Qualified",,0.84,"CapPass","Cycle 1",1,33,"4-1-1","Alloy 617",314626,"Plate"
136.73,0.00085,"Qualified",,0.86,"CapPass","Cycle 1",1,34,"4-1-1","Alloy 617",314626,"Plate"
138.24,0.00086,"Qualified",,0.87,"CapPass","Cycle 1",1,35,"4-1-1","Alloy 617",314626,"Plate"
141.64,0.00088,"Qualified",,0.89,"CapPass","Cycle 1",1,36,"4-1-1","Alloy 617",314626,"Plate"
145.22,0.00091,"Qualified",,0.92,"CapPass","Cycle 1",1,37,"4-1-1","Alloy 617",314626,"Plate"
148.85,0.00094,"Qualified",,0.94,"CapPass","Cycle 1",1,38,"4-1-1","Alloy 617",314626,"Plate"
152.42,0.00096,"Qualified",,0.97,"CapPass","Cycle 1",1,39,"4-1-1","Alloy 617",314626,"Plate"
155.34,0.00099,"Qualified",,0.99,"CapPass","Cycle 1",1,40,"4-1-1","Alloy 617",314626,"Plate"
157.65,0.00101,"Qualified",,1.01,"CapPass","Cycle 1",1,41,"4-1-1","Alloy 617",314626,"Plate"
159.38,0.00104,"Qualified",,1.02,"CapPass","Cycle 1",1,42,"4-1-1","Alloy 617",314626,"Plate"
160.60,0.00106,"Qualified",,1.04,"CapPass","Cycle 1",1,43,"4-1-1","Alloy 617",314626,"Plate"
161.45,0.00109,"Qualified",,1.05,"CapPass","Cycle 1",1,44,"4-1-1","Alloy 617",314626,"Plate"
162.03,0.00112,"Qualified",,1.06,"CapPass","Cycle 1",1,45,"4-1-1","Alloy 617",314626,"Plate"
162.42,0.00115,"Qualified",,1.07,"CapPass","Cycle 1",1,46,"4-1-1","Alloy 617",314626,"Plate"
162.64,0.00117,"Qualified",,1.07,"CapPass","Cycle 1",1,47,"4-1-1","Alloy 617",314626,"Plate"
162.81,0.00120,"Qualified",,1.08,"CapPass","Cycle 1",1,48,"4-1-1","Alloy 617",314626,"Plate"
162.86,0.00123,"Qualified",,1.09,"CapPass","Cycle 1",1,49,"4-1-1","Alloy 617",314626,"Plate"
162.77,0.00125,"Qualified",,1.10,"CapPass","Cycle 1",1,50,"4-1-1","Alloy 617",314626,"Plate"
162.35,0.00128,"Qualified",,1.11,"CapPass","Cycle 1",1,51,"4-1-1","Alloy 617",314626,"Plate"
152.33,0.00125,"Qualified",,1.23,"CapPass","Cycle 1",1,52,"4-1-1","Alloy 617",314626,"Plate"
157.65,0.00128,"Qualified",,1.32,"CapPass","Cycle 1",1,53,"4-1-1","Alloy 617",314626,"Plate"
161.25,0.00130,"Qualified",,1.35,"CapPass","Cycle 1",1,54,"4-1-1","Alloy 617",314626,"Plate"
164.73,0.00133,"Qualified",,1.37,"CapPass","Cycle 1",1,55,"4-1-1","Alloy 617",314626,"Plate"
167.98,0.00136,"Qualified",,1.38,"CapPass","Cycle 1",1,56,"4-1-1","Alloy 617",314626,"Plate"
169.60,0.00138,"Qualified",,1.40,"CapPass","Cycle 1",1,57,"4-1-1","Alloy 617",314626,"Plate"
163.21,0.00142,"Qualified",,1.40,"CapPass","Cycle 1",1,58,"4-1-1","Alloy 617",314626,"Plate"
163.32,0.00146,"Qualified",,1.41,"CapPass","Cycle 1",1,59,"4-1-1","Alloy 617",314626,"Plate"
163.51,0.00150,"Qualified",,1.41,"CapPass","Cycle 1",1,60,"4-1-1","Alloy 617",314626,"Plate"
163.75,0.00154,"Qualified",,1.41,"CapPass","Cycle 1",1,61,"4-1-1","Alloy 617",314626,"Plate"
163.87,0.00159,"Qualified",,1.41,"CapPass","Cycle 1",1,62,"4-1-1","Alloy 617",314626,"Plate"
163.99,0.00165,"Qualified",,1.41,"CapPass","Cycle 1",1,63,"4-1-1","Alloy 617",314626,"Plate"
164.17,0.00171,"Qualified",,1.41,"CapPass","Cycle 1",1,64,"4-1-1","Alloy 617",314626,"Plate"
164.29,0.00178,"Qualified",,1.41,"CapPass","Cycle 1",1,65,"4-1-1","Alloy 617",314626,"Plate"
164.45,0.00184,"Qualified",,1.41,"CapPass","Cycle 1",1,66,"4-1-1","Alloy 617",314626,"Plate"
164.62,0.00190,"Qualified",,1.41,"CapPass","Cycle 1",1,67,"4-1-1","Alloy 617",314626,"Plate"
164.78,0.00195,"Qualified",,1.41,"CapPass","Cycle 1",1,68,"4-1-1","Alloy 617",314626,"Plate"
164.97,0.00199,"Qualified",,1.42,"CapPass","Cycle 1",1,69,"4-1-1","Alloy 617",314626,"Plate"
165.09,0.00202,"Qualified",,1.42,"CapPass","Cycle 1",1,70,"4-1-1","Alloy 617",314626,"Plate"
165.30,0.00205,"Qualified",,1.42,"CapPass","Cycle 1",1,71,"4-1-1","Alloy 617",314626,"Plate"
165.71,0.00202,"Qualified",,1.42,"CapPass","Cycle 1",1,72,"4-1-1","Alloy 617",314626,"Plate"
165.55,0.00199,"Qualified",,1.43,"CapPass","Cycle 1",1,73,"4-1-1","Alloy 617",314626,"Plate"
165.01,0.00202,"Qualified",,1.43,"CapPass","Cycle 1",1,74,"4-1-1","Alloy 617",314626,"Plate"
152.76,0.00199,"Qualified",,1.46,"CapPass","Cycle 1",1,75,"4-1-1","Alloy 617",314626,"Plate"
148.43,0.00197,"Qualified",,1.47,"CapPass","Cycle 1",1,76,"4-1-1","Alloy 617",314626,"Plate"
143.87,0.00194,"Qualified",,1.48,"CapPass","Cycle 1",1,77,"4-1-1","Alloy 617",314626,"Plate"
139.75,0.00191,"Qualified",,1.48,"CapPass","Cycle 1",1,78,"4-1-1","Alloy 617",314626,"Plate"
135.65,0.00188,"Qualified",,1.49,"CapPass","Cycle 1",1,79,"4-1-1","Alloy 617",314626,"Plate"
131.54,0.00186,"Qualified",,1.50,"CapPass","Cycle 1",1,80,"4-1-1","Alloy 617",314626,"Plate"
127.38,0.00183,"Qualified",,1.50,"CapPass","Cycle 1",1,81,"4-1-1","Alloy 617",314626,"Plate"
123.36,0.00180,"Qualified",,1.51,"CapPass","Cycle 1",1,82,"4-1-1","Alloy 617",314626,"Plate"
119.43,0.00177,"Qualified",,1.51,"CapPass","Cycle 1",1,83,"4-1-1","Alloy 617",314626,"Plate"
115.57,0.00174,"Qualified",,1.52,"CapPass","Cycle 1",1,84,"4-1-1","Alloy 617",314626,"Plate"
111.91,0.00172,"Qualified",,1.53,"CapPass","Cycle 1",1,85,"4-1-1","Alloy 617",314626,"Plate"
108.42,0.00169,"Qualified",,1.53,"CapPass","Cycle 1",1,86,"4-1-1","Alloy 617",314626,"Plate"
104.43,0.00166,"Qualified",,1.54,"CapPass","Cycle 1",1,87,"4-1-1","Alloy 617",314626,"Plate"
100.78,0.00163,"Qualified",,1.54,"CapPass","Cycle 1",1,88,"4-1-1","Alloy 617",314626,"Plate"
97.32,0.00161,"Qualified",,1.55,"CapPass","Cycle 1",1,89,"4-1-1","Alloy 617",314626,"Plate"
93.58,0.00158,"Qualified",,1.56,"CapPass","Cycle 1",1,90,"4-1-1","Alloy 617",314626,"Plate"
89.93,0.00155,"Qualified",,1.57,"CapPass","Cycle 1",1,91,"4-1-1","Alloy 617",314626,"Plate"
86.63,0.00153,"Qualified",,1.58,"CapPass","Cycle 1",1,92,"4-1-1","Alloy 617",314626,"Plate"
83.16,0.00150,"Qualified",,1.59,"CapPass","Cycle 1",1,93,"4-1-1","Alloy 617",314626,"Plate"
80.12,0.00147,"Qualified",,1.60,"CapPass","Cycle 1",1,94,"4-1-1","Alloy 617",314626,"Plate"
77.09,0.00145,"Qualified",,1.62,"CapPass","Cycle 1",1,95,"4-1-1","Alloy 617",314626,"Plate"
74.37,0.00142,"Qualified",,1.64,"CapPass","Cycle 1",1,96,"4-1-1","Alloy 617",314626,"Plate"
71.96,0.00140,"Qualified",,1.70,"CapPass","Cycle 1",1,97,"4-1-1","Alloy 617",314626,"Plate"
67.69,0.00137,"Qualified",,1.78,"CapPass","Cycle 1",1,98,"4-1-1","Alloy 617",314626,"Plate"
63.97,0.00135,"Qualified",,1.82,"CapPass","Cycle 1",1,99,"4-1-1","Alloy 617",314626,"Plate"
60.03,0.00132,"Qualified",,1.85,"CapPass","Cycle 1",1,100,"4-1-1","Alloy 617",314626,"Plate"
58.55,0.00131,"Qualified",,1.86,"CapPass","Cycle 1",1,101,"4-1-1","Alloy 617",314626,"Plate"
56.52,0.00130,"Qualified",,1.87,"CapPass","Cycle 1",1,102,"4-1-1","Alloy 617",314626,"Plate"
52.84,0.00127,"Qualified",,1.90,"CapPass","Cycle 1",1,103,"4-1-1","Alloy 617",314626,"Plate"
49.07,0.00125,"Qualified",,1.92,"CapPass","Cycle 1",1,104,"4-1-1","Alloy 617",314626,"Plate"
45.34,0.00122,"Qualified",,1.95,"CapPass","Cycle 1",1,105,"4-1-1","Alloy 617",314626,"Plate"
41.71,0.00120,"Qualified",,1.97,"CapPass","Cycle 1",1,106,"4-1-1","Alloy 617",314626,"Plate"
37.93,0.00117,"Qualified",,2.00,"CapPass","Cycle 1",1,107,"4-1-1","Alloy 617",314626,"Plate"
34.56,0.00115,"Qualified",,2.02,"CapPass","Cycle 1",1,108,"4-1-1","Alloy 617",314626,"Plate"
31.16,0.00112,"Qualified",,2.05,"CapPass","Cycle 1",1,109,"4-1-1","Alloy 617",314626,"Plate"
27.58,0.00109,"Qualified",,2.07,"CapPass","Cycle 1",1,110,"4-1-1","Alloy 617",314626,"Plate"
23.92,0.00107,"Qualified",,2.10,"CapPass","Cycle 1",1,111,"4-1-1","Alloy 617",314626,"Plate"
20.26,0.00104,"Qualified",,2.13,"CapPass","Cycle 1",1,112,"4-1-1","Alloy 617",314626,"Plate"
16.60,0.00102,"Qualified",,2.16,"CapPass","Cycle 1",1,113,"4-1-1","Alloy 617",314626,"Plate"
12.73,0.00099,"Qualified",,2.19,"CapPass","Cycle 1",1,114,"4-1-1","Alloy 617",314626,"Plate"
9.18,0.00097,"Qualified",,2.22,"CapPass","Cycle 1",1,115,"4-1-1","Alloy 617",314626,"Plate"
5.09,0.00094,"Qualified",,2.25,"CapPass","Cycle 1",1,116,"4-1-1","Alloy 617",314626,"Plate"
1.31,0.00092,"Qualified",,2.28,"CapPass","Cycle 1",1,117,"4-1-1","Alloy 617",314626,"Plate"
-2.51,0.00089,"Qualified",,2.30,"CapPass","Cycle 1",1,118,"4-1-1","Alloy 617",314626,"Plate"
-6.27,0.00087,"Qualified",,2.33,"CapPass","Cycle 1",1,119,"4-1-1","Alloy 617",314626,"Plate"
-9.97,0.00084,"Qualified",,2.36,"CapPass","Cycle 1",1,120,"4-1-1","Alloy 617",314626,"Plate"
-13.79,0.00081,"Qualified",,2.39,"CapPass","Cycle 1",1,121,"4-1-1","Alloy 617",314626,"Plate"
-17.23,0.00079,"Qualified",,2.41,"CapPass","Cycle 1",1,122,"4-1-1","Alloy 617",314626,"Plate"
-20.44,0.00076,"Qualified",,2.46,"CapPass","Cycle 1",1,123,"4-1-1","Alloy 617",314626,"Plate"
-25.31,0.00074,"Qualified",,2.58,"CapPass","Cycle 1",1,124,"4-1-1","Alloy 617",314626,"Plate"
-29.17,0.00071,"Qualified",,2.62,"CapPass","Cycle 1",1,125,"4-1-1","Alloy 617",314626,"Plate"
-33.03,0.00069,"Qualified",,2.64,"CapPass","Cycle 1",1,126,"4-1-1","Alloy 617",314626,"Plate"
-37.01,0.00066,"Qualified",,2.67,"CapPass","Cycle 1",1,127,"4-1-1","Alloy 617",314626,"Plate"
-40.81,0.00064,"Qualified",,2.69,"CapPass","Cycle 1",1,128,"4-1-1","Alloy 617",314626,"Plate"
-44.66,0.00061,"Qualified",,2.71,"CapPass","Cycle 1",1,129,"4-1-1","Alloy 617",314626,"Plate"
-49.06,0.00058,"Qualified",,2.73,"CapPass","Cycle 1",1,130,"4-1-1","Alloy 617",314626,"Plate"
-52.77,0.00056,"Qualified",,2.74,"CapPass","Cycle 1",1,131,"4-1-1","Alloy 617",314626,"Plate"
-56.49,0.00053,"Qualified",,2.76,"CapPass","Cycle 1",1,132,"4-1-1","Alloy 617",314626,"Plate"
-60.12,0.00051,"Qualified",,2.78,"CapPass","Cycle 1",1,133,"4-1-1","Alloy 617",314626,"Plate"
-63.47,0.00048,"Qualified",,2.79,"CapPass","Cycle 1",1,134,"4-1-1","Alloy 617",314626,"Plate"
-66.99,0.00046,"Qualified",,2.82,"CapPass","Cycle 1",1,135,"4-1-1","Alloy 617",314626,"Plate"
-70.41,0.00043,"Qualified",,2.84,"CapPass","Cycle 1",1,136,"4-1-1","Alloy 617",314626,"Plate"
-72.95,0.00041,"Qualified",,2.86,"CapPass","Cycle 1",1,137,"4-1-1","Alloy 617",314626,"Plate"
-74.21,0.00041,"Qualified",,2.87,"CapPass","Cycle 1",1,138,"4-1-1","Alloy 617",314626,"Plate"
-78.41,0.00038,"Qualified",,2.90,"CapPass","Cycle 1",1,139,"4-1-1","Alloy 617",314626,"Plate"
-82.76,0.00035,"Qualified",,2.92,"CapPass","Cycle 1",1,140,"4-1-1","Alloy 617",314626,"Plate"
-86.55,0.00033,"Qualified",,2.94,"CapPass","Cycle 1",1,141,"4-1-1","Alloy 617",314626,"Plate"
-90.23,0.00030,"Qualified",,2.95,"CapPass","Cycle 1",1,142,"4-1-1","Alloy 617",314626,"Plate"
-94.05,0.00028,"Qualified",,2.97,"CapPass","Cycle 1",1,143,"4-1-1","Alloy 617",314626,"Plate"
-97.32,0.00025,"Qualified",,2.98,"CapPass","Cycle 1",1,144,"4-1-1","Alloy 617",314626,"Plate"
-100.72,0.00023,"Qualified",,3.00,"CapPass","Cycle 1",1,145,"4-1-1","Alloy 617",314626,"Plate"
-104.12,0.00020,"Qualified",,3.02,"CapPass","Cycle 1",1,146,"4-1-1","Alloy 617",314626,"Plate"
-107.37,0.00017,"Qualified",,3.03,"CapPass","Cycle 1",1,147,"4-1-1","Alloy 617",314626,"Plate"
-109.98,0.00015,"Qualified",,3.05,"CapPass","Cycle 1",1,148,"4-1-1","Alloy 617",314626,"Plate"
-112.63,0.00012,"Qualified",,3.06,"CapPass","Cycle 1",1,149,"4-1-1","Alloy 617",314626,"Plate"
-115.08,0.00010,"Qualified",,3.08,"CapPass","Cycle 1",1,150,"4-1-1","Alloy 617",314626,"Plate"
-117.33,0.00007,"Qualified",,3.10,"CapPass","Cycle 1",1,151,"4-1-1","Alloy 617",314626,"Plate"
-119.28,0.00005,"Qualified",,3.11,"CapPass","Cycle 1",1,152,"4-1-1","Alloy 617",314626,"Plate"
-121.22,0.00002,"Qualified",,3.13,"CapPass","Cycle 1",1,153,"4-1-1","Alloy 617",314626,"Plate"
-123.04,-0.00001,"Qualified",,3.16,"CapPass","Cycle 1",1,154,"4-1-1","Alloy 617",314626,"Plate"
-124.95,-0.00003,"Qualified",,3.19,"CapPass","Cycle 1",1,155,"4-1-1","Alloy 617",314626,"Plate"
-127.23,-0.00006,"Qualified",,3.23,"CapPass","Cycle 1",1,156,"4-1-1","Alloy 617",314626,"Plate"
-129.47,-0.00008,"Qualified",,3.27,"CapPass","Cycle 1",1,157,"4-1-1","Alloy 617",314626,"Plate"
-131.53,-0.00011,"Qualified",,3.29,"CapPass","Cycle 1",1,158,"4-1-1","Alloy 617",314626,"Plate"
-132.85,-0.00013,"Qualified",,3.31,"CapPass","Cycle 1",1,159,"4-1-1","Alloy 617",314626,"Plate"
-133.62,-0.00016,"Qualified",,3.32,"CapPass","Cycle 1",1,160,"4-1-1","Alloy 617",314626,"Plate"
-134.28,-0.00019,"Qualified",,3.33,"CapPass","Cycle 1",1,161,"4-1-1","Alloy 617",314626,"Plate"
-134.93,-0.00021,"Qualified",,3.35,"CapPass","Cycle 1",1,162,"4-1-1","Alloy 617",314626,"Plate"
-135.64,-0.00024,"Qualified",,3.36,"CapPass","Cycle 1",1,163,"4-1-1","Alloy 617",314626,"Plate"
-136.30,-0.00026,"Qualified",,3.38,"CapPass","Cycle 1",1,164,"4-1-1","Alloy 617",314626,"Plate"
-136.66,-0.00029,"Qualified",,3.42,"CapPass","Cycle 1",1,165,"4-1-1","Alloy 617",314626,"Plate"
-138.64,-0.00031,"Qualified",,3.52,"CapPass","Cycle 1",1,166,"4-1-1","Alloy 617",314626,"Plate"
-141.94,-0.00034,"Qualified",,3.56,"CapPass","Cycle 1",1,167,"4-1-1","Alloy 617",314626,"Plate"
-144.88,-0.00037,"Qualified",,3.59,"CapPass","Cycle 1",1,168,"4-1-1","Alloy 617",314626,"Plate"
-146.09,-0.00039,"Qualified",,3.60,"CapPass","Cycle 1",1,169,"4-1-1","Alloy 617",314626,"Plate"
-145.98,-0.00042,"Qualified",,3.61,"CapPass","Cycle 1",1,170,"4-1-1","Alloy 617",314626,"Plate"
-145.43,-0.00045,"Qualified",,3.61,"CapPass","Cycle 1",1,171,"4-1-1","Alloy 617",314626,"Plate"
-145.43,-0.00048,"Qualified",,3.61,"CapPass","Cycle 1",1,172,"4-1-1","Alloy 617",314626,"Plate"
-145.67,-0.00052,"Qualified",,3.62,"CapPass","Cycle 1",1,173,"4-1-1","Alloy 617",314626,"Plate"
-145.84,-0.00054,"Qualified",,3.62,"CapPass","Cycle 1",1,174,"4-1-1","Alloy 617",314626,"Plate"
-146.04,-0.00057,"Qualified",,3.62,"CapPass","Cycle 1",1,175,"4-1-1","Alloy 617",314626,"Plate"
-146.29,-0.00061,"Qualified",,3.62,"CapPass","Cycle 1",1,176,"4-1-1","Alloy 617",314626,"Plate"
-146.66,-0.00063,"Qualified",,3.63,"CapPass","Cycle 1",1,177,"4-1-1","Alloy 617",314626,"Plate"
-147.23,-0.00066,"Qualified",,3.65,"CapPass","Cycle 1",1,178,"4-1-1","Alloy 617",314626,"Plate"
-140.99,-0.00063,"Qualified",,3.71,"CapPass","Cycle 1",1,179,"4-1-1","Alloy 617",314626,"Plate"
-137.44,-0.00060,"Qualified",,3.73,"CapPass","Cycle 1",1,180,"4-1-1","Alloy 617",314626,"Plate"
-134.08,-0.00058,"Qualified",,3.76,"CapPass","Cycle 1",1,181,"4-1-1","Alloy 617",314626,"Plate"
-139.07,-0.00060,"Qualified",,3.86,"CapPass","Cycle 1",1,182,"4-1-1","Alloy 617",314626,"Plate"
-140.19,-0.00060,"Qualified",,3.87,"CapPass","Cycle 1",1,183,"4-1-1","Alloy 617",314626,"Plate"
-144.14,-0.00063,"Qualified",,3.89,"CapPass","Cycle 1",1,184,"4-1-1","Alloy 617",314626,"Plate"
-147.90,-0.00066,"Qualified",,3.91,"CapPass","Cycle 1",1,185,"4-1-1","Alloy 617",314626,"Plate"
-151.53,-0.00068,"Qualified",,3.92,"CapPass","Cycle 1",1,186,"4-1-1","Alloy 617",314626,"Plate"
-155.20,-0.00071,"Qualified",,3.94,"CapPass","Cycle 1",1,187,"4-1-1","Alloy 617",314626,"Plate"
-157.38,-0.00073,"Qualified",,3.96,"CapPass","Cycle 1",1,188,"4-1-1","Alloy 617",314626,"Plate"
-157.85,-0.00076,"Qualified",,3.97,"CapPass","Cycle 1",1,189,"4-1-1","Alloy 617",314626,"Plate"
-157.70,-0.00079,"Qualified",,3.98,"CapPass","Cycle 1",1,190,"4-1-1","Alloy 617",314626,"Plate"
-156.85,-0.00082,"Qualified",,3.98,"CapPass","Cycle 1",1,191,"4-1-1","Alloy 617",314626,"Plate"
-156.71,-0.00086,"Qualified",,3.98,"CapPass","Cycle 1",1,192,"4-1-1","Alloy 617",314626,"Plate"
-156.89,-0.00089,"Qualified",,3.99,"CapPass","Cycle 1",1,193,"4-1-1","Alloy 617",314626,"Plate"
-157.15,-0.00093,"Qualified",,3.99,"CapPass","Cycle 1",1,194,"4-1-1","Alloy 617",314626,"Plate"
-157.42,-0.00097,"Qualified",,3.99,"CapPass","Cycle 1",1,195,"4-1-1","Alloy 617",314626,"Plate"
-157.71,-0.00102,"Qualified",,3.99,"CapPass","Cycle 1",1,196,"4-1-1","Alloy 617",314626,"Plate"
-157.94,-0.00106,"Qualified",,3.99,"CapPass","Cycle 1",1,197,"4-1-1","Alloy 617",314626,"Plate"
-158.23,-0.00109,"Qualified",,4.00,"CapPass","Cycle 1",1,198,"4-1-1","Alloy 617",314626,"Plate"
-158.62,-0.00111,"Qualified",,4.00,"CapPass","Cycle 1",1,199,"4-1-1","Alloy 617",314626,"Plate"
-151.35,-0.00109,"Qualified",,4.06,"CapPass","Cycle 1",1,200,"4-1-1","Alloy 617",314626,"Plate"
-147.35,-0.00106,"Qualified",,4.07,"CapPass","Cycle 1",1,201,"4-1-1","Alloy 617",314626,"Plate"
-143.64,-0.00104,"Qualified",,4.09,"CapPass","Cycle 1",1,202,"4-1-1","Alloy 617",314626,"Plate"
-139.90,-0.00101,"Qualified",,4.10,"CapPass","Cycle 1",1,203,"4-1-1","Alloy 617",314626,"Plate"
-136.32,-0.00098,"Qualified",,4.11,"CapPass","Cycle 1",1,204,"4-1-1","Alloy 617",314626,"Plate"
-133.16,-0.00096,"Qualified",,4.13,"CapPass","Cycle 1",1,205,"4-1-1","Alloy 617",314626,"Plate"
-130.50,-0.00093,"Qualified",,4.15,"CapPass","Cycle 1",1,206,"4-1-1","Alloy 617",314626,"Plate"
-137.21,-0.00096,"Qualified",,4.24,"CapPass","Cycle 1",1,207,"4-1-1","Alloy 617",314626,"Plate"
-141.47,-0.00099,"Qualified",,4.26,"CapPass","Cycle 1",1,208,"4-1-1","Alloy 617",314626,"Plate"
-145.62,-0.00101,"Qualified",,4.28,"CapPass","Cycle 1",1,209,"4-1-1","Alloy 617",314626,"Plate"
-149.82,-0.00104,"Qualified",,4.29,"CapPass","Cycle 1",1,210,"4-1-1","Alloy 617",314626,"Plate"
-153.57,-0.00106,"Qualified",,4.31,"CapPass","Cycle 1",1,211,"4-1-1","Alloy 617",314626,"Plate"
-157.32,-0.00109,"Qualified",,4.33,"CapPass","Cycle 1",1,212,"4-1-1","Alloy 617",314626,"Plate"
-161.15,-0.00111,"Qualified",,4.34,"CapPass","Cycle 1",1,213,"4-1-1","Alloy 617",314626,"Plate"
-164.93,-0.00114,"Qualified",,4.36,"CapPass","Cycle 1",1,214,"4-1-1","Alloy 617",314626,"Plate"
-164.01,-0.00117,"Qualified",,4.38,"CapPass","Cycle 1",1,215,"4-1-1","Alloy 617",314626,"Plate"
-165.28,-0.00119,"Qualified",,4.40,"CapPass","Cycle 1",1,216,"4-1-1","Alloy 617",314626,"Plate"
-165.96,-0.00122,"Qualified",,4.40,"CapPass","Cycle 1",1,217,"4-1-1","Alloy 617",314626,"Plate"
-167.04,-0.00124,"Qualified",,4.41,"CapPass","Cycle 1",1,218,"4-1-1","Alloy 617",314626,"Plate"
-167.01,-0.00127,"Qualified",,4.42,"CapPass","Cycle 1",1,219,"4-1-1","Alloy 617",314626,"Plate"
-166.80,-0.00130,"Qualified",,4.42,"CapPass","Cycle 1",1,220,"4-1-1","Alloy 617",314626,"Plate"
-166.72,-0.00132,"Qualified",,4.43,"CapPass","Cycle 1",1,221,"4-1-1","Alloy 617",314626,"Plate"
-166.69,-0.00135,"Qualified",,4.43,"CapPass","Cycle 1",1,222,"4-1-1","Alloy 617",314626,"Plate"
-166.67,-0.00138,"Qualified",,4.43,"CapPass","Cycle 1",1,223,"4-1-1","Alloy 617",314626,"Plate"
-166.78,-0.00141,"Qualified",,4.44,"CapPass","Cycle 1",1,224,"4-1-1","Alloy 617",314626,"Plate"
-166.90,-0.00144,"Qualified",,4.44,"CapPass","Cycle 1",1,225,"4-1-1","Alloy 617",314626,"Plate"
-166.99,-0.00146,"Qualified",,4.45,"CapPass","Cycle 1",1,226,"4-1-1","Alloy 617",314626,"Plate"
-166.62,-0.00149,"Qualified",,4.46,"CapPass","Cycle 1",1,227,"4-1-1","Alloy 617",314626,"Plate"
-159.13,-0.00146,"Qualified",,4.52,"CapPass","Cycle 1",1,228,"4-1-1","Alloy 617",314626,"Plate"
-155.53,-0.00144,"Qualified",,4.53,"CapPass","Cycle 1",1,229,"4-1-1","Alloy 617",314626,"Plate"
-152.04,-0.00141,"Qualified",,4.55,"CapPass","Cycle 1",1,230,"4-1-1","Alloy 617",314626,"Plate"
-149.07,-0.00139,"Qualified",,4.58,"CapPass","Cycle 1",1,231,"4-1-1","Alloy 617",314626,"Plate"
-155.11,-0.00141,"Qualified",,4.68,"CapPass","Cycle 1",1,232,"4-1-1","Alloy 617",314626,"Plate"
-159.03,-0.00144,"Qualified",,4.70,"CapPass","Cycle 1",1,233,"4-1-1","Alloy 617",314626,"Plate"
-162.90,-0.00146,"Qualified",,4.72,"CapPass","Cycle 1",1,234,"4-1-1","Alloy 617",314626,"Plate"
-166.24,-0.00149,"Qualified",,4.74,"CapPass","Cycle 1",1,235,"4-1-1","Alloy 617",314626,"Plate"
-169.51,-0.00151,"Qualified",,4.76,"CapPass","Cycle 1",1,236,"4-1-1","Alloy 617",314626,"Plate"
-171.33,-0.00154,"Qualified",,4.80,"CapPass","Cycle 1",1,237,"4-1-1","Alloy 617",314626,"Plate"
-166.50,-0.00152,"Qualified",,4.86,"CapPass","Cycle 1",1,238,"4-1-1","Alloy 617",314626,"Plate"
-165.53,-0.00151,"Qualified",,4.86,"CapPass","Cycle 1",1,239,"4-1-1","Alloy 617",314626,"Plate"
-161.31,-0.00149,"Qualified",,4.89,"CapPass","Cycle 1",1,240,"4-1-1","Alloy 617",314626,"Plate"
-157.41,-0.00146,"Qualified",,4.90,"CapPass","Cycle 1",1,241,"4-1-1","Alloy 617",314626,"Plate"
-153.66,-0.00144,"Qualified",,4.92,"CapPass","Cycle 1",1,242,"4-1-1","Alloy 617",314626,"Plate"
-150.15,-0.00141,"Qualified",,4.94,"CapPass","Cycle 1",1,243,"4-1-1","Alloy 617",314626,"Plate"
-146.48,-0.00139,"Qualified",,4.95,"CapPass","Cycle 1",1,244,"4-1-1","Alloy 617",314626,"Plate"
-142.91,-0.00136,"Qualified",,4.97,"CapPass","Cycle 1",1,245,"4-1-1","Alloy 617",314626,"Plate"
-139.28,-0.00133,"Qualified",,4.99,"CapPass","Cycle 1",1,246,"4-1-1","Alloy 617",314626,"Plate"
-135.69,-0.00131,"Qualified",,5.01,"CapPass","Cycle 1",1,247,"4-1-1","Alloy 617",314626,"Plate"
-132.05,-0.00128,"Qualified",,5.03,"CapPass","Cycle 1",1,248,"4-1-1","Alloy 617",314626,"Plate"
-128.53,-0.00126,"Qualified",,5.06,"CapPass","Cycle 1",1,249,"4-1-1","Alloy 617",314626,"Plate"
-124.94,-0.00123,"Qualified",,5.09,"CapPass","Cycle 1",1,250,"4-1-1","Alloy 617",314626,"Plate"
-121.38,-0.00121,"Qualified",,5.12,"CapPass","Cycle 1",1,251,"4-1-1","Alloy 617",314626,"Plate"
-117.74,-0.00118,"Qualified",,5.15,"CapPass","Cycle 1",1,252,"4-1-1","Alloy 617",314626,"Plate"
-114.01,-0.00115,"Qualified",,5.18,"CapPass","Cycle 1",1,253,"4-1-1","Alloy 617",314626,"Plate"
-110.52,-0.00113,"Qualified",,5.21,"CapPass","Cycle 1",1,254,"4-1-1","Alloy 617",314626,"Plate"
-106.83,-0.00110,"Qualified",,5.23,"CapPass","Cycle 1",1,255,"4-1-1","Alloy 617",314626,"Plate"
-103.23,-0.00108,"Qualified",,5.26,"CapPass","Cycle 1",1,256,"4-1-1","Alloy 617",314626,"Plate"
-99.51,-0.00105,"Qualified",,5.29,"CapPass","Cycle 1",1,257,"4-1-1","Alloy 617",314626,"Plate"
-95.87,-0.00103,"Qualified",,5.32,"CapPass","Cycle 1",1,258,"4-1-1","Alloy 617",314626,"Plate"
-92.34,-0.00100,"Qualified",,5.34,"CapPass","Cycle 1",1,259,"4-1-1","Alloy 617",314626,"Plate"
-88.74,-0.00098,"Qualified",,5.37,"CapPass","Cycle 1",1,260,"4-1-1","Alloy 617",314626,"Plate"
-85.08,-0.00095,"Qualified",,5.40,"CapPass","Cycle 1",1,261,"4-1-1","Alloy 617",314626,"Plate"
-81.46,-0.00093,"Qualified",,5.42,"CapPass","Cycle 1",1,262,"4-1-1","Alloy 617",314626,"Plate"
-77.78,-0.00090,"Qualified",,5.45,"CapPass","Cycle 1",1,263,"4-1-1","Alloy 617",314626,"Plate"
-74.17,-0.00087,"Qualified",,5.48,"CapPass","Cycle 1",1,264,"4-1-1","Alloy 617",314626,"Plate"
-70.35,-0.00085,"Qualified",,5.51,"CapPass","Cycle 1",1,265,"4-1-1","Alloy 617",314626,"Plate"
-66.63,-0.00082,"Qualified",,5.54,"CapPass","Cycle 1",1,266,"4-1-1","Alloy 617",314626,"Plate"
-62.83,-0.00080,"Qualified",,5.56,"CapPass","Cycle 1",1,267,"4-1-1","Alloy 617",314626,"Plate"
-58.90,-0.00077,"Qualified",,5.59,"CapPass","Cycle 1",1,268,"4-1-1","Alloy 617",314626,"Plate"
-55.07,-0.00075,"Qualified",,5.62,"CapPass","Cycle 1",1,269,"4-1-1","Alloy 617",314626,"Plate"
-51.35,-0.00072,"Qualified",,5.65,"CapPass","Cycle 1",1,270,"4-1-1","Alloy 617",314626,"Plate"
-47.53,-0.00069,"Qualified",,5.68,"CapPass","Cycle 1",1,271,"4-1-1","Alloy 617",314626,"Plate"
-43.64,-0.00067,"Qualified",,5.71,"CapPass","Cycle 1",1,272,"4-1-1","Alloy 617",314626,"Plate"
-39.99,-0.00064,"Qualified",,5.73,"CapPass","Cycle 1",1,273,"4-1-1","Alloy 617",314626,"Plate"
-35.95,-0.00062,"Qualified",,5.76,"CapPass","Cycle 1",1,274,"4-1-1","Alloy 617",314626,"Plate"
-31.99,-0.00059,"Qualified",,5.79,"CapPass","Cycle 1",1,275,"4-1-1","Alloy 617",314626,"Plate"
-27.82,-0.00057,"Qualified",,5.82,"CapPass","Cycle 1",1,276,"4-1-1","Alloy 617",314626,"Plate"
-23.91,-0.00054,"Qualified",,5.84,"CapPass","Cycle 1",1,277,"4-1-1","Alloy 617",314626,"Plate"
-21.89,-0.00053,"Qualified",,5.86,"CapPass","Cycle 1",1,278,"4-1-1","Alloy 617",314626,"Plate"
-19.89,-0.00052,"Qualified",,5.87,"CapPass","Cycle 1",1,279,"4-1-1","Alloy 617",314626,"Plate"
-15.79,-0.00049,"Qualified",,5.90,"CapPass","Cycle 1",1,280,"4-1-1","Alloy 617",314626,"Plate"
-11.74,-0.00047,"Qualified",,5.93,"CapPass","Cycle 1",1,281,"4-1-1","Alloy 617",314626,"Plate"
-7.66,-0.00044,"Qualified",,5.96,"CapPass","Cycle 1",1,282,"4-1-1","Alloy 617",314626,"Plate"
-3.73,-0.00041,"Qualified",,5.98,"CapPass","Cycle 1",1,283,"4-1-1","Alloy 617",314626,"Plate"
0.11,-0.00039,"Qualified",,6.01,"CapPass","Cycle 1",1,284,"4-1-1","Alloy 617",314626,"Plate"
4.16,-0.00036,"Qualified",,6.04,"CapPass","Cycle 1",1,285,"4-1-1","Alloy 617",314626,"Plate"
8.23,-0.00034,"Qualified",,6.06,"CapPass","Cycle 1",1,286,"4-1-1","Alloy 617",314626,"Plate"
12.34,-0.00031,"Qualified",,6.09,"CapPass","Cycle 1",1,287,"4-1-1","Alloy 617",314626,"Plate"
16.26,-0.00029,"Qualified",,6.12,"CapPass","Cycle 1",1,288,"4-1-1","Alloy 617",314626,"Plate"
20.50,-0.00026,"Qualified",,6.15,"CapPass","Cycle 1",1,289,"4-1-1","Alloy 617",314626,"Plate"
24.47,-0.00024,"Qualified",,6.18,"CapPass","Cycle 1",1,290,"4-1-1","Alloy 617",314626,"Plate"
28.13,-0.00021,"Qualified",,6.21,"CapPass","Cycle 1",1,291,"4-1-1","Alloy 617",314626,"Plate"
32.36,-0.00019,"Qualified",,6.27,"CapPass","Cycle 1",1,292,"4-1-1","Alloy 617",314626,"Plate"
36.48,-0.00016,"Qualified",,6.31,"CapPass","Cycle 2",2,293,"4-1-1","Alloy 617",314626,"Plate"
41.00,-0.00014,"Qualified",,6.35,"CapPass","Cycle 2",2,294,"4-1-1","Alloy 617",314626,"Plate"
44.90,-0.00011,"Qualified",,6.38,"CapPass","Cycle 2",2,295,"4-1-1","Alloy 617",314626,"Plate"
49.45,-0.00008,"Qualified",,6.41,"CapPass","Cycle 2",2,296,"4-1-1","Alloy 617",314626,"Plate"
53.52,-0.00006,"Qualified",,6.43,"CapPass","Cycle 2",2,297,"4-1-1","Alloy 617",314626,"Plate"
57.36,-0.00003,"Qualified",,6.45,"CapPass","Cycle 2",2,298,"4-1-1","Alloy 617",314626,"Plate"
61.10,-0.00001,"Qualified",,6.46,"CapPass","Cycle 2",2,299,"4-1-1","Alloy 617",314626,"Plate"
64.82,0.00002,"Qualified",,6.49,"CapPass","Cycle 2",2,300,"4-1-1","Alloy 617",314626,"Plate"
68.28,0.00004,"Qualified",,6.51,"CapPass","Cycle 2",2,301,"4-1-1","Alloy 617",314626,"Plate"
71.84,0.00007,"Qualified",,6.54,"CapPass","Cycle 2",2,302,"4-1-1","Alloy 617",314626,"Plate"
75.43,0.00009,"Qualified",,6.57,"CapPass","Cycle 2",2,303,"4-1-1","Alloy 617",314626,"Plate"
79.04,0.00012,"Qualified",,6.60,"CapPass","Cycle 2",2,304,"4-1-1","Alloy 617",314626,"Plate"
82.55,0.00014,"Qualified",,6.64,"CapPass","Cycle 2",2,305,"4-1-1","Alloy 617",314626,"Plate"
86.31,0.00017,"Qualified",,6.67,"CapPass","Cycle 2",2,306,"4-1-1","Alloy 617",314626,"Plate"
90.08,0.00020,"Qualified",,6.71,"CapPass","Cycle 2",2,307,"4-1-1","Alloy 617",314626,"Plate"
94.15,0.00022,"Qualified",,6.74,"CapPass","Cycle 2",2,308,"4-1-1","Alloy 617",314626,"Plate"
97.78,0.00025,"Qualified",,6.77,"CapPass","Cycle 2",2,309,"4-1-1","Alloy 617",314626,"Plate"
101.23,0.00027,"Qualified",,6.79,"CapPass","Cycle 2",2,310,"4-1-1","Alloy 617",314626,"Plate"
105.12,0.00030,"Qualified",,6.81,"CapPass","Cycle 2",2,311,"4-1-1","Alloy 617",314626,"Plate"
108.91,0.00032,"Qualified",,6.83,"CapPass","Cycle 2",2,312,"4-1-1","Alloy 617",314626,"Plate"
112.40,0.00035,"Qualified",,6.85,"CapPass","Cycle 2",2,313,"4-1-1","Alloy 617",314626,"Plate"
114.33,0.00036,"Qualified",,6.86,"CapPass","Cycle 2",2,314,"4-1-1","Alloy 617",314626,"Plate"
115.88,0.00038,"Qualified",,6.87,"CapPass","Cycle 2",2,315,"4-1-1","Alloy 617",314626,"Plate"
118.79,0.00040,"Qualified",,6.88,"CapPass","Cycle 2",2,316,"4-1-1","Alloy 617",314626,"Plate"
121.50,0.00043,"Qualified",,6.89,"CapPass","Cycle 2",2,317,"4-1-1","Alloy 617",314626,"Plate"
124.06,0.00046,"Qualified",,6.90,"CapPass","Cycle 2",2,318,"4-1-1","Alloy 617",314626,"Plate"
126.41,0.00048,"Qualified",,6.92,"CapPass","Cycle 2",2,319,"4-1-1","Alloy 617",314626,"Plate"
128.34,0.00051,"Qualified",,6.93,"CapPass","Cycle 2",2,320,"4-1-1","Alloy 617",314626,"Plate"
130.20,0.00053,"Qualified",,6.94,"CapPass","Cycle 2",2,321,"4-1-1","Alloy 617",314626,"Plate"
131.79,0.00056,"Qualified",,6.95,"CapPass","Cycle 2",2,322,"4-1-1","Alloy 617",314626,"Plate"
133.18,0.00059,"Qualified",,6.96,"CapPass","Cycle 2",2,323,"4-1-1","Alloy 617",314626,"Plate"
134.56,0.00061,"Qualified",,6.97,"CapPass","Cycle 2",2,324,"4-1-1","Alloy 617",314626,"Plate"
135.83,0.00064,"Qualified",,6.99,"CapPass","Cycle 2",2,325,"4-1-1","Alloy 617",314626,"Plate"
137.13,0.00066,"Qualified",,7.01,"CapPass","Cycle 2",2,326,"4-1-1","Alloy 617",314626,"Plate"
138.06,0.00069,"Qualified",,7.04,"CapPass","Cycle 2",2,327,"4-1-1","Alloy 617",314626,"Plate"
139.55,0.00071,"Qualified",,7.11,"CapPass","Cycle 2",2,328,"4-1-1","Alloy 617",314626,"Plate"
142.74,0.00074,"Qualified",,7.16,"CapPass","Cycle 2",2,329,"4-1-1","Alloy 617",314626,"Plate"
145.59,0.00076,"Qualified",,7.19,"CapPass","Cycle 2",2,330,"4-1-1","Alloy 617",314626,"Plate"
147.20,0.00079,"Qualified",,7.21,"CapPass","Cycle 2",2,331,"4-1-1","Alloy 617",314626,"Plate"
146.94,0.00082,"Qualified",,7.22,"CapPass","Cycle 2",2,332,"4-1-1","Alloy 617",314626,"Plate"
147.01,0.00084,"Qualified",,7.22,"CapPass","Cycle 2",2,333,"4-1-1","Alloy 617",314626,"Plate"
147.20,0.00087,"Qualified",,7.23,"CapPass","Cycle 2",2,334,"4-1-1","Alloy 617",314626,"Plate"
147.68,0.00090,"Qualified",,7.23,"CapPass","Cycle 2",2,335,"4-1-1","Alloy 617",314626,"Plate"
148.61,0.00092,"Qualified",,7.25,"CapPass","Cycle 2",2,336,"4-1-1","Alloy 617",314626,"Plate"
149.32,0.00095,"Qualified",,7.26,"CapPass","Cycle 2",2,337,"4-1-1","Alloy 617",314626,"Plate"
149.78,0.00097,"Qualified",,7.28,"CapPass","Cycle 2",2,338,"4-1-1","Alloy 617",314626,"Plate"
148.19,0.00100,"Qualified",,7.40,"CapPass","Cycle 2",2,339,"4-1-1","Alloy 617",314626,"Plate"
151.95,0.00102,"Qualified",,7.46,"CapPass","Cycle 2",2,340,"4-1-1","Alloy 617",314626,"Plate"
155.41,0.00105,"Qualified",,7.49,"CapPass","Cycle 2",2,341,"4-1-1","Alloy 617",314626,"Plate"
158.14,0.00107,"Qualified",,7.51,"CapPass","Cycle 2",2,342,"4-1-1","Alloy 617",314626,"Plate"
159.22,0.00110,"Qualified",,7.52,"CapPass","Cycle 2",2,343,"4-1-1","Alloy 617",314626,"Plate"
158.54,0.00112,"Qualified",,7.53,"CapPass","Cycle 2",2,344,"4-1-1","Alloy 617",314626,"Plate"
158.36,0.00116,"Qualified",,7.53,"CapPass","Cycle 2",2,345,"4-1-1","Alloy 617",314626,"Plate"
158.52,0.00120,"Qualified",,7.53,"CapPass","Cycle 2",2,346,"4-1-1","Alloy 617",314626,"Plate"
158.62,0.00122,"Qualified",,7.54,"CapPass","Cycle 2",2,347,"4-1-1","Alloy 617",314626,"Plate"
158.73,0.00125,"Qualified",,7.54,"CapPass","Cycle 2",2,348,"4-1-1","Alloy 617",314626,"Plate"
158.80,0.00128,"Qualified",,7.54,"CapPass","Cycle 2",2,349,"4-1-1","Alloy 617",314626,"Plate"
158.95,0.00131,"Qualified",,7.54,"CapPass","Cycle 2",2,350,"4-1-1","Alloy 617",314626,"Plate"
158.96,0.00134,"Qualified",,7.55,"CapPass","Cycle 2",2,351,"4-1-1","Alloy 617",314626,"Plate"
158.65,0.00136,"Qualified",,7.55,"CapPass","Cycle 2",2,352,"4-1-1","Alloy 617",314626,"Plate"
158.63,0.00139,"Qualified",,7.56,"CapPass","Cycle 2",2,353,"4-1-1","Alloy 617",314626,"Plate"
149.60,0.00136,"Qualified",,7.63,"CapPass","Cycle 2",2,354,"4-1-1","Alloy 617",314626,"Plate"
145.85,0.00134,"Qualified",,7.65,"CapPass","Cycle 2",2,355,"4-1-1","Alloy 617",314626,"Plate"
142.23,0.00131,"Qualified",,7.67,"CapPass","Cycle 2",2,356,"4-1-1","Alloy 617",314626,"Plate"
139.22,0.00129,"Qualified",,7.70,"CapPass","Cycle 2",2,357,"4-1-1","Alloy 617",314626,"Plate"
144.61,0.00131,"Qualified",,7.78,"CapPass","Cycle 2",2,358,"4-1-1","Alloy 617",314626,"Plate"
148.55,0.00134,"Qualified",,7.80,"CapPass","Cycle 2",2,359,"4-1-1","Alloy 617",314626,"Plate"
152.23,0.00136,"Qualified",,7.82,"CapPass","Cycle 2",2,360,"4-1-1","Alloy 617",314626,"Plate"
156.17,0.00139,"Qualified",,7.84,"CapPass","Cycle 2",2,361,"4-1-1","Alloy 617",314626,"Plate"
159.55,0.00142,"Qualified",,7.86,"CapPass","Cycle 2",2,362,"4-1-1","Alloy 617",314626,"Plate"
159.74,0.00142,"Qualified",,7.86,"CapPass","Cycle 2",2,363,"4-1-1","Alloy 617",314626,"Plate"
163.19,0.00144,"Qualified",,7.88,"CapPass","Cycle 2",2,364,"4-1-1","Alloy 617",314626,"Plate"
166.50,0.00147,"Qualified",,7.89,"CapPass","Cycle 2",2,365,"4-1-1","Alloy 617",314626,"Plate"
167.39,0.00149,"Qualified",,7.91,"CapPass","Cycle 2",2,366,"4-1-1","Alloy 617",314626,"Plate"
167.02,0.00152,"Qualified",,7.92,"CapPass","Cycle 2",2,367,"4-1-1","Alloy 617",314626,"Plate"
167.44,0.00155,"Qualified",,7.93,"CapPass","Cycle 2",2,368,"4-1-1","Alloy 617",314626,"Plate"
167.71,0.00158,"Qualified",,7.93,"CapPass","Cycle 2",2,369,"4-1-1","Alloy 617",314626,"Plate"
168.07,0.00161,"Qualified",,7.94,"CapPass","Cycle 2",2,370,"4-1-1","Alloy 617",314626,"Plate"
168.37,0.00163,"Qualified",,7.94,"CapPass","Cycle 2",2,371,"4-1-1","Alloy 617",314626,"Plate"
168.71,0.00166,"Qualified",,7.95,"CapPass","Cycle 2",2,372,"4-1-1","Alloy 617",314626,"Plate"
169.02,0.00169,"Qualified",,7.95,"CapPass","Cycle 2",2,373,"4-1-1","Alloy 617",314626,"Plate"
169.18,0.00171,"Qualified",,7.96,"CapPass","Cycle 2",2,374,"4-1-1","Alloy 617",314626,"Plate"
169.21,0.00174,"Qualified",,7.96,"CapPass","Cycle 2",2,375,"4-1-1","Alloy 617",314626,"Plate"
169.24,0.00177,"Qualified",,7.97,"CapPass","Cycle 2",2,376,"4-1-1","Alloy 617",314626,"Plate"
169.11,0.00180,"Qualified",,7.97,"CapPass","Cycle 2",2,377,"4-1-1","Alloy 617",314626,"Plate"
168.49,0.00182,"Qualified",,7.98,"CapPass","Cycle 2",2,378,"4-1-1","Alloy 617",314626,"Plate"
159.94,0.00180,"Qualified",,8.03,"CapPass","Cycle 2",2,379,"4-1-1","Alloy 617",314626,"Plate"
155.71,0.00177,"Qualified",,8.05,"CapPass","Cycle 2",2,380,"4-1-1","Alloy 617",314626,"Plate"
151.77,0.00174,"Qualified",,8.06,"CapPass","Cycle 2",2,381,"4-1-1","Alloy 617",314626,"Plate"
147.85,0.00172,"Qualified",,8.08,"CapPass","Cycle 2",2,382,"4-1-1","Alloy 617",314626,"Plate"
144.26,0.00169,"Qualified",,8.09,"CapPass","Cycle 2",2,383,"4-1-1","Alloy 617",314626,"Plate"
140.47,0.00167,"Qualified",,8.10,"CapPass","Cycle 2",2,384,"4-1-1","Alloy 617",314626,"Plate"
136.96,0.00164,"Qualified",,8.12,"CapPass","Cycle 2",2,385,"4-1-1","Alloy 617",314626,"Plate"
133.44,0.00162,"Qualified",,8.13,"CapPass","Cycle 2",2,386,"4-1-1","Alloy 617",314626,"Plate"
129.89,0.00159,"Qualified",,8.15,"CapPass","Cycle 2",2,387,"4-1-1","Alloy 617",314626,"Plate"
126.43,0.00156,"Qualified",,8.16,"CapPass","Cycle 2",2,388,"4-1-1","Alloy 617",314626,"Plate"
123.00,0.00154,"Qualified",,8.18,"CapPass","Cycle 2",2,389,"4-1-1","Alloy 617",314626,"Plate"
119.39,0.00151,"Qualified",,8.21,"CapPass","Cycle 2",2,390,"4-1-1","Alloy 617",314626,"Plate"
115.94,0.00149,"Qualified",,8.23,"CapPass","Cycle 2",2,391,"4-1-1","Alloy 617",314626,"Plate"
112.33,0.00146,"Qualified",,8.27,"CapPass","Cycle 2",2,392,"4-1-1","Alloy 617",314626,"Plate"
108.68,0.00144,"Qualified",,8.30,"CapPass","Cycle 2",2,393,"4-1-1","Alloy 617",314626,"Plate"
104.92,0.00141,"Qualified",,8.33,"CapPass","Cycle 2",2,394,"4-1-1","Alloy 617",314626,"Plate"
101.20,0.00139,"Qualified",,8.37,"CapPass","Cycle 2",2,395,"4-1-1","Alloy 617",314626,"Plate"
97.15,0.00136,"Qualified",,8.40,"CapPass","Cycle 2",2,396,"4-1-1","Alloy 617",314626,"Plate"
93.07,0.00133,"Qualified",,8.43,"CapPass","Cycle 2",2,397,"4-1-1","Alloy 617",314626,"Plate"
89.21,0.00131,"Qualified",,8.46,"CapPass","Cycle 2",2,398,"4-1-1","Alloy 617",314626,"Plate"
85.16,0.00128,"Qualified",,8.49,"CapPass","Cycle 2",2,399,"4-1-1","Alloy 617",314626,"Plate"
81.51,0.00126,"Qualified",,8.51,"CapPass","Cycle 2",2,400,"4-1-1","Alloy 617",314626,"Plate"
77.57,0.00123,"Qualified",,8.54,"CapPass","Cycle 2",2,401,"4-1-1","Alloy 617",314626,"Plate"
73.58,0.00121,"Qualified",,8.57,"CapPass","Cycle 2",2,402,"4-1-1","Alloy 617",314626,"Plate"
69.55,0.00118,"Qualified",,8.59,"CapPass","Cycle 2",2,403,"4-1-1","Alloy 617",314626,"Plate"
65.52,0.00116,"Qualified",,8.62,"CapPass","Cycle 2",2,404,"4-1-1","Alloy 617",314626,"Plate"
61.57,0.00113,"Qualified",,8.65,"CapPass","Cycle 2",2,405,"4-1-1","Alloy 617",314626,"Plate"
57.73,0.00111,"Qualified",,8.68,"CapPass","Cycle 2",2,406,"4-1-1","Alloy 617",314626,"Plate"
53.97,0.00108,"Qualified",,8.70,"CapPass","Cycle 2",2,407,"4-1-1","Alloy 617",314626,"Plate"
50.34,0.00105,"Qualified",,8.73,"CapPass","Cycle 2",2,408,"4-1-1","Alloy 617",314626,"Plate"
46.82,0.00103,"Qualified",,8.75,"CapPass","Cycle 2",2,409,"4-1-1","Alloy 617",314626,"Plate"
43.18,0.00100,"Qualified",,8.78,"CapPass","Cycle 2",2,410,"4-1-1","Alloy 617",314626,"Plate"
39.74,0.00098,"Qualified",,8.80,"CapPass","Cycle 2",2,411,"4-1-1","Alloy 617",314626,"Plate"
36.29,0.00095,"Qualified",,8.83,"CapPass","Cycle 2",2,412,"4-1-1","Alloy 617",314626,"Plate"
32.75,0.00093,"Qualified",,8.86,"CapPass","Cycle 2",2,413,"4-1-1","Alloy 617",314626,"Plate"
32.62,0.00093,"Qualified",,8.86,"CapPass","Cycle 2",2,414,"4-1-1","Alloy 617",314626,"Plate"
28.98,0.00090,"Qualified",,8.89,"CapPass","Cycle 2",2,415,"4-1-1","Alloy 617",314626,"Plate"
25.50,0.00088,"Qualified",,8.92,"CapPass","Cycle 2",2,416,"4-1-1","Alloy 617",314626,"Plate"
22.01,0.00085,"Qualified",,8.94,"CapPass","Cycle 2",2,417,"4-1-1","Alloy 617",314626,"Plate"
18.24,0.00083,"Qualified",,8.97,"CapPass","Cycle 2",2,418,"4-1-1","Alloy 617",314626,"Plate"
14.68,0.00080,"Qualified",,9.00,"CapPass","Cycle 2",2,419,"4-1-1","Alloy 617",314626,"Plate"
10.82,0.00077,"Qualified",,9.03,"CapPass","Cycle 2",2,420,"4-1-1","Alloy 617",314626,"Plate"
7.20,0.00075,"Qualified",,9.05,"CapPass","Cycle 2",2,421,"4-1-1","Alloy 617",314626,"Plate"
3.76,0.00072,"Qualified",,9.08,"CapPass","Cycle 2",2,422,"4-1-1","Alloy 617",314626,"Plate"
0.16,0.00070,"Qualified",,9.11,"CapPass","Cycle 2",2,423,"4-1-1","Alloy 617",314626,"Plate"
-3.42,0.00067,"Qualified",,9.13,"CapPass","Cycle 2",2,424,"4-1-1","Alloy 617",314626,"Plate"
-7.15,0.00065,"Qualified",,9.16,"CapPass","Cycle 2",2,425,"4-1-1","Alloy 617",314626,"Plate"
-10.91,0.00062,"Qualified",,9.19,"CapPass","Cycle 2",2,426,"4-1-1","Alloy 617",314626,"Plate"
-14.62,0.00060,"Qualified",,9.22,"CapPass","Cycle 2",2,427,"4-1-1","Alloy 617",314626,"Plate"
-17.89,0.00057,"Qualified",,9.25,"CapPass","Cycle 2",2,428,"4-1-1","Alloy 617",314626,"Plate"
-20.99,0.00055,"Qualified",,9.29,"CapPass","Cycle 2",2,429,"4-1-1","Alloy 617",314626,"Plate"
-24.08,0.00052,"Qualified",,9.41,"CapPass","Cycle 2",2,430,"4-1-1","Alloy 617",314626,"Plate"
-28.41,0.00050,"Qualified",,9.45,"CapPass","Cycle 2",2,431,"4-1-1","Alloy 617",314626,"Plate"
-32.19,0.00047,"Qualified",,9.48,"CapPass","Cycle 2",2,432,"4-1-1","Alloy 617",314626,"Plate"
-36.28,0.00045,"Qualified",,9.51,"CapPass","Cycle 2",2,433,"4-1-1","Alloy 617",314626,"Plate"
-40.51,0.00042,"Qualified",,9.54,"CapPass","Cycle 2",2,434,"4-1-1","Alloy 617",314626,"Plate"
-44.51,0.00039,"Qualified",,9.57,"CapPass","Cycle 2",2,435,"4-1-1","Alloy 617",314626,"Plate"
-48.77,0.00037,"Qualified",,9.59,"CapPass","Cycle 2",2,436,"4-1-1","Alloy 617",314626,"Plate"
-52.89,0.00034,"Qualified",,9.61,"CapPass","Cycle 2",2,437,"4-1-1","Alloy 617",314626,"Plate"
-57.50,0.00032,"Qualified",,9.62,"CapPass","Cycle 2",2,438,"4-1-1","Alloy 617",314626,"Plate"
-61.45,0.00029,"Qualified",,9.64,"CapPass","Cycle 2",2,439,"4-1-1","Alloy 617",314626,"Plate"
-65.29,0.00026,"Qualified",,9.65,"CapPass","Cycle 2",2,440,"4-1-1","Alloy 617",314626,"Plate"
-69.08,0.00024,"Qualified",,9.67,"CapPass","Cycle 2",2,441,"4-1-1","Alloy 617",314626,"Plate"
-72.94,0.00021,"Qualified",,9.68,"CapPass","Cycle 2",2,442,"4-1-1","Alloy 617",314626,"Plate"
-77.05,0.00019,"Qualified",,9.70,"CapPass","Cycle 2",2,443,"4-1-1","Alloy 617",314626,"Plate"
-80.72,0.00016,"Qualified",,9.72,"CapPass","Cycle 2",2,444,"4-1-1","Alloy 617",314626,"Plate"
-84.69,0.00014,"Qualified",,9.73,"CapPass","Cycle 2",2,445,"4-1-1","Alloy 617",314626,"Plate"
-88.56,0.00011,"Qualified",,9.75,"CapPass","Cycle 2",2,446,"4-1-1","Alloy 617",314626,"Plate"
-92.26,0.00008,"Qualified",,9.77,"CapPass","Cycle 2",2,447,"4-1-1","Alloy 617",314626,"Plate"
-96.10,0.00006,"Qualified",,9.78,"CapPass","Cycle 2",2,448,"4-1-1","Alloy 617",314626,"Plate"
-100.11,0.00003,"Qualified",,9.80,"CapPass","Cycle 2",2,449,"4-1-1","Alloy 617",314626,"Plate"
-103.96,0.00001,"Qualified",,9.82,"CapPass","Cycle 2",2,450,"4-1-1","Alloy 617",314626,"Plate"
-107.60,-0.00002,"Qualified",,9.84,"CapPass","Cycle 2",2,451,"4-1-1","Alloy 617",314626,"Plate"
-110.35,-0.00004,"Qualified",,9.86,"CapPass","Cycle 2",2,452,"4-1-1","Alloy 617",314626,"Plate"
-111.38,-0.00004,"Qualified",,9.86,"CapPass","Cycle 2",2,453,"4-1-1","Alloy 617",314626,"Plate"
-114.71,-0.00007,"Qualified",,9.88,"CapPass","Cycle 2",2,454,"4-1-1","Alloy 617",314626,"Plate"
-117.83,-0.00010,"Qualified",,9.90,"CapPass","Cycle 2",2,455,"4-1-1","Alloy 617",314626,"Plate"
-120.64,-0.00012,"Qualified",,9.92,"CapPass","Cycle 2",2,456,"4-1-1","Alloy 617",314626,"Plate"
-123.24,-0.00015,"Qualified",,9.94,"CapPass","Cycle 2",2,457,"4-1-1","Alloy 617",314626,"Plate"
-125.68,-0.00017,"Qualified",,9.96,"CapPass","Cycle 2",2,458,"4-1-1","Alloy 617",314626,"Plate"
-128.32,-0.00020,"Qualified",,9.99,"CapPass","Cycle 2",2,459,"4-1-1","Alloy 617",314626,"Plate"
-130.59,-0.00022,"Qualified",,10.01,"CapPass","Cycle 2",2,460,"4-1-1","Alloy 617",314626,"Plate"
-132.71,-0.00025,"Qualified",,10.04,"CapPass","Cycle 2",2,461,"4-1-1","Alloy 617",314626,"Plate"
-134.37,-0.00027,"Qualified",,10.06,"CapPass","Cycle 2",2,462,"4-1-1","Alloy 617",314626,"Plate"
-135.96,-0.00030,"Qualified",,10.08,"CapPass","Cycle 2",2,463,"4-1-1","Alloy 617",314626,"Plate"
-137.44,-0.00033,"Qualified",,10.10,"CapPass","Cycle 2",2,464,"4-1-1","Alloy 617",314626,"Plate"
-138.82,-0.00035,"Qualified",,10.12,"CapPass","Cycle 2",2,465,"4-1-1","Alloy 617",314626,"Plate"
-140.23,-0.00038,"Qualified",,10.15,"CapPass","Cycle 2",2,466,"4-1-1","Alloy 617",314626,"Plate"
-141.47,-0.00040,"Qualified",,10.17,"CapPass","Cycle 2",2,467,"4-1-1","Alloy 617",314626,"Plate"
-142.99,-0.00043,"Qualified",,10.21,"CapPass","Cycle 2",2,468,"4-1-1","Alloy 617",314626,"Plate"
-144.58,-0.00045,"Qualified",,10.24,"CapPass","Cycle 2",2,469,"4-1-1","Alloy 617",314626,"Plate"
-146.11,-0.00048,"Qualified",,10.27,"CapPass","Cycle 2",2,470,"4-1-1","Alloy 617",314626,"Plate"
-147.62,-0.00050,"Qualified",,10.29,"CapPass","Cycle 2",2,471,"4-1-1","Alloy 617",314626,"Plate"
-148.64,-0.00053,"Qualified",,10.31,"CapPass","Cycle 2",2,472,"4-1-1","Alloy 617",314626,"Plate"
-149.31,-0.00056,"Qualified",,10.33,"CapPass","Cycle 2",2,473,"4-1-1","Alloy 617",314626,"Plate"
-149.75,-0.00058,"Qualified",,10.34,"CapPass","Cycle 2",2,474,"4-1-1","Alloy 617",314626,"Plate"
-150.27,-0.00061,"Qualified",,10.36,"CapPass","Cycle 2",2,475,"4-1-1","Alloy 617",314626,"Plate"
-150.80,-0.00064,"Qualified",,10.37,"CapPass","Cycle 2",2,476,"4-1-1","Alloy 617",314626,"Plate"
-151.24,-0.00066,"Qualified",,10.40,"CapPass","Cycle 2",2,477,"4-1-1","Alloy 617",314626,"Plate"
-151.89,-0.00069,"Qualified",,10.48,"CapPass","Cycle 2",2,478,"4-1-1","Alloy 617",314626,"Plate"
-154.84,-0.00071,"Qualified",,10.54,"CapPass","Cycle 2",2,479,"4-1-1","Alloy 617",314626,"Plate"
-157.39,-0.00074,"Qualified",,10.57,"CapPass","Cycle 2",2,480,"4-1-1","Alloy 617",314626,"Plate"
-158.82,-0.00076,"Qualified",,10.58,"CapPass","Cycle 2",2,481,"4-1-1","Alloy 617",314626,"Plate"
-158.71,-0.00079,"Qualified",,10.59,"CapPass","Cycle 2",2,482,"4-1-1","Alloy 617",314626,"Plate"
-158.75,-0.00082,"Qualified",,10.60,"CapPass","Cycle 2",2,483,"4-1-1","Alloy 617",314626,"Plate"
-158.89,-0.00084,"Qualified",,10.60,"CapPass","Cycle 2",2,484,"4-1-1","Alloy 617",314626,"Plate"
-159.05,-0.00087,"Qualified",,10.61,"CapPass","Cycle 2",2,485,"4-1-1","Alloy 617",314626,"Plate"
-159.05,-0.00090,"Qualified",,10.61,"CapPass","Cycle 2",2,486,"4-1-1","Alloy 617",314626,"Plate"
-158.82,-0.00093,"Qualified",,10.62,"CapPass","Cycle 2",2,487,"4-1-1","Alloy 617",314626,"Plate"
-159.02,-0.00096,"Qualified",,10.63,"CapPass","Cycle 2",2,488,"4-1-1","Alloy 617",314626,"Plate"
-159.24,-0.00098,"Qualified",,10.63,"CapPass","Cycle 2",2,489,"4-1-1","Alloy 617",314626,"Plate"
-150.51,-0.00096,"Qualified",,10.76,"CapPass","Cycle 2",2,490,"4-1-1","Alloy 617",314626,"Plate"
-155.70,-0.00098,"Qualified",,10.85,"CapPass","Cycle 2",2,491,"4-1-1","Alloy 617",314626,"Plate"
-156.57,-0.00099,"Qualified",,10.86,"CapPass","Cycle 2",2,492,"4-1-1","Alloy 617",314626,"Plate"
-159.38,-0.00101,"Qualified",,10.88,"CapPass","Cycle 2",2,493,"4-1-1","Alloy 617",314626,"Plate"
-163.21,-0.00104,"Qualified",,10.90,"CapPass","Cycle 2",2,494,"4-1-1","Alloy 617",314626,"Plate"
-166.62,-0.00106,"Qualified",,10.92,"CapPass","Cycle 2",2,495,"4-1-1","Alloy 617",314626,"Plate"
-167.99,-0.00109,"Qualified",,10.93,"CapPass","Cycle 2",2,496,"4-1-1","Alloy 617",314626,"Plate"
-168.13,-0.00111,"Qualified",,10.94,"CapPass","Cycle 2",2,497,"4-1-1","Alloy 617",314626,"Plate"
-168.42,-0.00114,"Qualified",,10.94,"CapPass","Cycle 2",2,498,"4-1-1","Alloy 617",314626,"Plate"
-168.63,-0.00117,"Qualified",,10.95,"CapPass","Cycle 2",2,499,"4-1-1","Alloy 617",314626,"Plate"
-168.63,-0.00119,"Qualified",,10.95,"CapPass","Cycle 2",2,500,"4-1-1","Alloy 617",314626,"Plate"
-168.37,-0.00122,"Qualified",,10.96,"CapPass","Cycle 2",2,501,"4-1-1","Alloy 617",314626,"Plate"
-168.38,-0.00125,"Qualified",,10.96,"CapPass","Cycle 2",2,502,"4-1-1","Alloy 617",314626,"Plate"
-168.23,-0.00128,"Qualified",,10.97,"CapPass","Cycle 2",2,503,"4-1-1","Alloy 617",314626,"Plate"
-167.94,-0.00131,"Qualified",,10.97,"CapPass","Cycle 2",2,504,"4-1-1","Alloy 617",314626,"Plate"
-167.79,-0.00134,"Qualified",,10.97,"CapPass","Cycle 2",2,505,"4-1-1","Alloy 617",314626,"Plate"
-167.87,-0.00138,"Qualified",,10.97,"CapPass","Cycle 2",2,506,"4-1-1","Alloy 617",314626,"Plate"
-168.03,-0.00141,"Qualified",,10.98,"CapPass","Cycle 2",2,507,"4-1-1","Alloy 617",314626,"Plate"
-168.20,-0.00144,"Qualified",,10.98,"CapPass","Cycle 2",2,508,"4-1-1","Alloy 617",314626,"Plate"
-168.37,-0.00147,"Qualified",,10.98,"CapPass","Cycle 2",2,509,"4-1-1","Alloy 617",314626,"Plate"
-157.72,-0.00144,"Qualified",,11.05,"CapPass","Cycle 2",2,510,"4-1-1","Alloy 617",314626,"Plate"
-153.57,-0.00142,"Qualified",,11.06,"CapPass","Cycle 2",2,511,"4-1-1","Alloy 617",314626,"Plate"
-149.60,-0.00139,"Qualified",,11.07,"CapPass","Cycle 2",2,512,"4-1-1","Alloy 617",314626,"Plate"
-146.16,-0.00137,"Qualified",,11.09,"CapPass","Cycle 2",2,513,"4-1-1","Alloy 617",314626,"Plate"
-142.63,-0.00134,"Qualified",,11.10,"CapPass","Cycle 2",2,514,"4-1-1","Alloy 617",314626,"Plate"
-139.26,-0.00131,"Qualified",,11.12,"CapPass","Cycle 2",2,515,"4-1-1","Alloy 617",314626,"Plate"
-146.11,-0.00134,"Qualified",,11.23,"CapPass","Cycle 2",2,516,"4-1-1","Alloy 617",314626,"Plate"
-150.27,-0.00137,"Qualified",,11.25,"CapPass","Cycle 2",2,517,"4-1-1","Alloy 617",314626,"Plate"
-154.08,-0.00139,"Qualified",,11.26,"CapPass","Cycle 2",2,518,"4-1-1","Alloy 617",314626,"Plate"
-158.01,-0.00142,"Qualified",,11.28,"CapPass","Cycle 2",2,519,"4-1-1","Alloy 617",314626,"Plate"
-161.65,-0.00144,"Qualified",,11.30,"CapPass","Cycle 2",2,520,"4-1-1","Alloy 617",314626,"Plate"
-165.17,-0.00147,"Qualified",,11.31,"CapPass","Cycle 2",2,521,"4-1-1","Alloy 617",314626,"Plate"
-168.58,-0.00149,"Qualified",,11.33,"CapPass","Cycle 2",2,522,"4-1-1","Alloy 617",314626,"Plate"
-172.23,-0.00152,"Qualified",,11.35,"CapPass","Cycle 2",2,523,"4-1-1","Alloy 617",314626,"Plate"
-175.36,-0.00155,"Qualified",,11.37,"CapPass","Cycle 2",2,524,"4-1-1","Alloy 617",314626,"Plate"
-173.39,-0.00157,"Qualified",,11.38,"CapPass","Cycle 2",2,525,"4-1-1","Alloy 617",314626,"Plate"
-169.95,-0.00161,"Qualified",,11.39,"CapPass","Cycle 2",2,526,"4-1-1","Alloy 617",314626,"Plate"
-170.09,-0.00166,"Qualified",,11.39,"CapPass","Cycle 2",2,527,"4-1-1","Alloy 617",314626,"Plate"
-170.37,-0.00171,"Qualified",,11.39,"CapPass","Cycle 2",2,528,"4-1-1","Alloy 617",314626,"Plate"
-170.55,-0.00176,"Qualified",,11.39,"CapPass","Cycle 2",2,529,"4-1-1","Alloy 617",314626,"Plate"
-170.64,-0.00182,"Qualified",,11.39,"CapPass","Cycle 2",2,530,"4-1-1","Alloy 617",314626,"Plate"
-170.79,-0.00188,"Qualified",,11.39,"CapPass","Cycle 2",2,531,"4-1-1","Alloy 617",314626,"Plate"
-170.86,-0.00195,"Qualified",,11.39,"CapPass","Cycle 2",2,532,"4-1-1","Alloy 617",314626,"Plate"
-170.95,-0.00202,"Qualified",,11.39,"CapPass","Cycle 2",2,533,"4-1-1","Alloy 617",314626,"Plate"
-171.08,-0.00208,"Qualified",,11.40,"CapPass","Cycle 2",2,534,"4-1-1","Alloy 617",314626,"Plate"
-171.22,-0.00214,"Qualified",,11.40,"CapPass","Cycle 2",2,535,"4-1-1","Alloy 617",314626,"Plate"
-171.45,-0.00219,"Qualified",,11.40,"CapPass","Cycle 2",2,536,"4-1-1","Alloy 617",314626,"Plate"
-171.63,-0.00223,"Qualified",,11.40,"CapPass","Cycle 2",2,537,"4-1-1","Alloy 617",314626,"Plate"
-171.67,-0.00225,"Qualified",,11.40,"CapPass","Cycle 2",2,538,"4-1-1","Alloy 617",314626,"Plate"
-172.16,-0.00222,"Qualified",,11.41,"CapPass","Cycle 2",2,539,"4-1-1","Alloy 617",314626,"Plate"
-171.93,-0.00219,"Qualified",,11.41,"CapPass","Cycle 2",2,540,"4-1-1","Alloy 617",314626,"Plate"
-170.77,-0.00222,"Qualified",,11.42,"CapPass","Cycle 2",2,541,"4-1-1","Alloy 617",314626,"Plate"
-163.16,-0.00219,"Qualified",,11.44,"CapPass","Cycle 2",2,542,"4-1-1","Alloy 617",314626,"Plate"
-156.72,-0.00216,"Qualified",,11.45,"CapPass","Cycle 2",2,543,"4-1-1","Alloy 617",314626,"Plate"
-152.44,-0.00214,"Qualified",,11.45,"CapPass","Cycle 2",2,544,"4-1-1","Alloy 617",314626,"Plate"
-147.80,-0.00211,"Qualified",,11.46,"CapPass","Cycle 2",2,545,"4-1-1","Alloy 617",314626,"Plate"
-142.93,-0.00208,"Qualified",,11.46,"CapPass","Cycle 2",2,546,"4-1-1","Alloy 617",314626,"Plate"
-138.65,-0.00206,"Qualified",,11.47,"CapPass","Cycle 2",2,547,"4-1-1","Alloy 617",314626,"Plate"
-134.27,-0.00203,"Qualified",,11.47,"CapPass","Cycle 2",2,548,"4-1-1","Alloy 617",314626,"Plate"
-129.94,-0.00200,"Qualified",,11.48,"CapPass","Cycle 2",2,549,"4-1-1","Alloy 617",314626,"Plate"
-125.48,-0.00197,"Qualified",,11.48,"CapPass","Cycle 2",2,550,"4-1-1","Alloy 617",314626,"Plate"
-121.13,-0.00194,"Qualified",,11.49,"CapPass","Cycle 2",2,551,"4-1-1","Alloy 617",314626,"Plate"
-116.81,-0.00191,"Qualified",,11.49,"CapPass","Cycle 2",2,552,"4-1-1","Alloy 617",314626,"Plate"
-112.42,-0.00188,"Qualified",,11.50,"CapPass","Cycle 2",2,553,"4-1-1","Alloy 617",314626,"Plate"
-108.17,-0.00185,"Qualified",,11.50,"CapPass","Cycle 2",2,554,"4-1-1","Alloy 617",314626,"Plate"
-104.00,-0.00183,"Qualified",,11.51,"CapPass","Cycle 2",2,555,"4-1-1","Alloy 617",314626,"Plate"
-100.01,-0.00180,"Qualified",,11.51,"CapPass","Cycle 2",2,556,"4-1-1","Alloy 617",314626,"Plate"
-96.18,-0.00177,"Qualified",,11.52,"CapPass","Cycle 2",2,557,"4-1-1","Alloy 617",314626,"Plate"
-92.41,-0.00174,"Qualified",,11.52,"CapPass","Cycle 2",2,558,"4-1-1","Alloy 617",314626,"Plate"
-88.89,-0.00172,"Qualified",,11.53,"CapPass","Cycle 2",2,559,"4-1-1","Alloy 617",314626,"Plate"
-85.48,-0.00169,"Qualified",,11.53,"CapPass","Cycle 2",2,560,"4-1-1","Alloy 617",314626,"Plate"
-81.55,-0.00166,"Qualified",,11.54,"CapPass","Cycle 2",2,561,"4-1-1","Alloy 617",314626,"Plate"
-77.99,-0.00164,"Qualified",,11.54,"CapPass","Cycle 2",2,562,"4-1-1","Alloy 617",314626,"Plate"
-74.22,-0.00161,"Qualified",,11.55,"CapPass","Cycle 2",2,563,"4-1-1","Alloy 617",314626,"Plate"
-70.76,-0.00158,"Qualified",,11.56,"CapPass","Cycle 2",2,564,"4-1-1","Alloy 617",314626,"Plate"
-67.21,-0.00155,"Qualified",,11.57,"CapPass","Cycle 2",2,565,"4-1-1","Alloy 617",314626,"Plate"
-63.94,-0.00153,"Qualified",,11.57,"CapPass","Cycle 2",2,566,"4-1-1","Alloy 617",314626,"Plate"
-60.60,-0.00150,"Qualified",,11.58,"CapPass","Cycle 2",2,567,"4-1-1","Alloy 617",314626,"Plate"
-57.58,-0.00147,"Qualified",,11.60,"CapPass","Cycle 2",2,568,"4-1-1","Alloy 617",314626,"Plate"
-54.72,-0.00145,"Qualified",,11.62,"CapPass","Cycle 2",2,569,"4-1-1","Alloy 617",314626,"Plate"
-52.08,-0.00142,"Qualified",,11.75,"CapPass","Cycle 2",2,570,"4-1-1","Alloy 617",314626,"Plate"
-47.81,-0.00140,"Qualified",,11.79,"CapPass","Cycle 2",2,571,"4-1-1","Alloy 617",314626,"Plate"
-44.08,-0.00137,"Qualified",,11.82,"CapPass","Cycle 2",2,572,"4-1-1","Alloy 617",314626,"Plate"
-40.36,-0.00135,"Qualified",,11.85,"CapPass","Cycle 2",2,573,"4-1-1","Alloy 617",314626,"Plate"
-38.91,-0.00134,"Qualified",,11.86,"CapPass","Cycle 2",2,574,"4-1-1","Alloy 617",314626,"Plate"
-36.55,-0.00132,"Qualified",,11.87,"CapPass","Cycle 2",2,575,"4-1-1","Alloy 617",314626,"Plate"
-32.57,-0.00130,"Qualified",,11.90,"CapPass","Cycle 2",2,576,"4-1-1","Alloy 617",314626,"Plate"
-28.56,-0.00127,"Qualified",,11.92,"CapPass","Cycle 2",2,577,"4-1-1","Alloy 617",314626,"Plate"
-24.50,-0.00124,"Qualified",,11.95,"CapPass","Cycle 2",2,578,"4-1-1","Alloy 617",314626,"Plate"
-20.37,-0.00122,"Qualified",,11.98,"CapPass","Cycle 2",2,579,"4-1-1","Alloy 617",314626,"Plate"
-16.53,-0.00119,"Qualified",,12.00,"CapPass","Cycle 2",2,580,"4-1-1","Alloy 617",314626,"Plate"
-12.66,-0.00117,"Qualified",,12.03,"CapPass","Cycle 2",2,581,"4-1-1","Alloy 617",314626,"Plate"
-8.79,-0.00114,"Qualified",,12.05,"CapPass","Cycle 2",2,582,"4-1-1","Alloy 617",314626,"Plate"
-5.12,-0.00112,"Qualified",,12.08,"CapPass","Cycle 2",2,583,"4-1-1","Alloy 617",314626,"Plate"
-1.45,-0.00109,"Qualified",,12.10,"CapPass","Cycle 2",2,584,"4-1-1","Alloy 617",314626,"Plate"
2.18,-0.00107,"Qualified",,12.13,"CapPass","Cycle 2",2,585,"4-1-1","Alloy 617",314626,"Plate"
5.86,-0.00104,"Qualified",,12.16,"CapPass","Cycle 2",2,586,"4-1-1","Alloy 617",314626,"Plate"
9.63,-0.00101,"Qualified",,12.19,"CapPass","Cycle 2",2,587,"4-1-1","Alloy 617",314626,"Plate"
13.07,-0.00099,"Qualified",,12.21,"CapPass","Cycle 2",2,588,"4-1-1","Alloy 617",314626,"Plate"
16.93,-0.00096,"Qualified",,12.24,"CapPass","Cycle 2",2,589,"4-1-1","Alloy 617",314626,"Plate"
20.62,-0.00094,"Qualified",,12.27,"CapPass","Cycle 2",2,590,"4-1-1","Alloy 617",314626,"Plate"
24.32,-0.00091,"Qualified",,12.30,"CapPass","Cycle 2",2,591,"4-1-1","Alloy 617",314626,"Plate"
27.77,-0.00089,"Qualified",,12.33,"CapPass","Cycle 2",2,592,"4-1-1","Alloy 617",314626,"Plate"
31.74,-0.00086,"Qualified",,12.39,"CapPass","Cycle 2",2,593,"4-1-1","Alloy 617",314626,"Plate"
35.66,-0.00084,"Qualified",,12.43,"CapPass","Cycle 2",2,594,"4-1-1","Alloy 617",314626,"Plate"
39.56,-0.00081,"Qualified",,12.46,"CapPass","Cycle 2",2,595,"4-1-1","Alloy 617",314626,"Plate"
43.19,-0.00079,"Qualified",,12.48,"CapPass","Cycle 2",2,596,"4-1-1","Alloy 617",314626,"Plate"
46.94,-0.00076,"Qualified",,12.50,"CapPass","Cycle 2",2,597,"4-1-1","Alloy 617",314626,"Plate"
50.21,-0.00073,"Qualified",,12.52,"CapPass","Cycle 2",2,598,"4-1-1","Alloy 617",314626,"Plate"
53.71,-0.00071,"Qualified",,12.54,"CapPass","Cycle 2",2,599,"4-1-1","Alloy 617",314626,"Plate"
57.33,-0.00068,"Qualified",,12.57,"CapPass","Cycle 2",2,600,"4-1-1","Alloy 617",314626,"Plate"
61.22,-0.00066,"Qualified",,12.60,"CapPass","Cycle 2",2,601,"4-1-1","Alloy 617",314626,"Plate"
65.13,-0.00063,"Qualified",,12.64,"CapPass","Cycle 2",2,602,"4-1-1","Alloy 617",314626,"Plate"
69.22,-0.00061,"Qualified",,12.68,"CapPass","Cycle 2",2,603,"4-1-1","Alloy 617",314626,"Plate"
72.95,-0.00058,"Qualified",,12.71,"CapPass","Cycle 2",2,604,"4-1-1","Alloy 617",314626,"Plate"
76.60,-0.00056,"Qualified",,12.74,"CapPass","Cycle 2",2,605,"4-1-1","Alloy 617",314626,"Plate"
80.07,-0.00053,"Qualified",,12.77,"CapPass","Cycle 2",2,606,"4-1-1","Alloy 617",314626,"Plate"
83.68,-0.00051,"Qualified",,12.80,"CapPass","Cycle 2",2,607,"4-1-1","Alloy 617",314626,"Plate"
87.10,-0.00048,"Qualified",,12.83,"CapPass","Cycle 2",2,608,"4-1-1","Alloy 617",314626,"Plate"
90.48,-0.00046,"Qualified",,12.86,"CapPass","Cycle 2",2,609,"4-1-1","Alloy 617",314626,"Plate"
90.82,-0.00045,"Qualified",,12.86,"CapPass","Cycle 2",2,610,"4-1-1","Alloy 617",314626,"Plate"
93.85,-0.00043,"Qualified",,12.88,"CapPass","Cycle 2",2,611,"4-1-1","Alloy 617",314626,"Plate"
96.75,-0.00040,"Qualified",,12.91,"CapPass","Cycle 2",2,612,"4-1-1","Alloy 617",314626,"Plate"
100.25,-0.00038,"Qualified",,12.94,"CapPass","Cycle 2",2,613,"4-1-1","Alloy 617",314626,"Plate"
103.89,-0.00035,"Qualified",,12.96,"CapPass","Cycle 2",2,614,"4-1-1","Alloy 617",314626,"Plate"
107.56,-0.00033,"Qualified",,12.99,"CapPass","Cycle 2",2,615,"4-1-1","Alloy 617",314626,"Plate"
111.24,-0.00030,"Qualified",,13.00,"CapPass","Cycle 2",2,616,"4-1-1","Alloy 617",314626,"Plate"
114.88,-0.00028,"Qualified",,13.02,"CapPass","Cycle 2",2,617,"4-1-1","Alloy 617",314626,"Plate"
118.19,-0.00025,"Qualified",,13.04,"CapPass","Cycle 2",2,618,"4-1-1","Alloy 617",314626,"Plate"
121.33,-0.00023,"Qualified",,13.05,"CapPass","Cycle 2",2,619,"4-1-1","Alloy 617",314626,"Plate"
124.13,-0.00020,"Qualified",,13.07,"CapPass","Cycle 2",2,620,"4-1-1","Alloy 617",314626,"Plate"
126.56,-0.00017,"Qualified",,13.08,"CapPass","Cycle 2",2,621,"4-1-1","Alloy 617",314626,"Plate"
128.72,-0.00015,"Qualified",,13.09,"CapPass","Cycle 2",2,622,"4-1-1","Alloy 617",314626,"Plate"
130.62,-0.00012,"Qualified",,13.10,"CapPass","Cycle 2",2,623,"4-1-1","Alloy 617",314626,"Plate"
105.22,-0.00019,"Qualified",,27.96,"CapPass","Cycle 5",5,1340,"4-1-1","Alloy 617",314626,"Plate"
109.24,-0.00016,"Qualified",,27.98,"CapPass","Cycle 5",5,1341,"4-1-1","Alloy 617",314626,"Plate"
113.15,-0.00014,"Qualified",,28.00,"CapPass","Cycle 5",5,1342,"4-1-1","Alloy 617",314626,"Plate"
117.15,-0.00011,"Qualified",,28.02,"CapPass","Cycle 5",5,1343,"4-1-1","Alloy 617",314626,"Plate"
120.97,-0.00008,"Qualified",,28.04,"CapPass","Cycle 5",5,1344,"4-1-1","Alloy 617",314626,"Plate"
124.45,-0.00006,"Qualified",,28.06,"CapPass","Cycle 5",5,1345,"4-1-1","Alloy 617",314626,"Plate"
127.82,-0.00003,"Qualified",,28.07,"CapPass","Cycle 5",5,1346,"4-1-1","Alloy 617",314626,"Plate"
131.11,-0.00001,"Qualified",,28.09,"CapPass","Cycle 5",5,1347,"4-1-1","Alloy 617",314626,"Plate"
134.02,0.00002,"Qualified",,28.11,"CapPass","Cycle 5",5,1348,"4-1-1","Alloy 617",314626,"Plate"
136.39,0.00004,"Qualified",,28.12,"CapPass","Cycle 5",5,1349,"4-1-1","Alloy 617",314626,"Plate"
138.20,0.00007,"Qualified",,28.13,"CapPass","Cycle 5",5,1350,"4-1-1","Alloy 617",314626,"Plate"
139.82,0.00010,"Qualified",,28.15,"CapPass","Cycle 5",5,1351,"4-1-1","Alloy 617",314626,"Plate"
141.04,0.00012,"Qualified",,28.16,"CapPass","Cycle 5",5,1352,"4-1-1","Alloy 617",314626,"Plate"
142.29,0.00015,"Qualified",,28.17,"CapPass","Cycle 5",5,1353,"4-1-1","Alloy 617",314626,"Plate"
143.55,0.00018,"Qualified",,28.18,"CapPass","Cycle 5",5,1354,"4-1-1","Alloy 617",314626,"Plate"
144.67,0.00020,"Qualified",,28.20,"CapPass","Cycle 5",5,1355,"4-1-1","Alloy 617",314626,"Plate"
146.00,0.00023,"Qualified",,28.23,"CapPass","Cycle 5",5,1356,"4-1-1","Alloy 617",314626,"Plate"
147.35,0.00025,"Qualified",,28.27,"CapPass","Cycle 5",5,1357,"4-1-1","Alloy 617",314626,"Plate"
150.44,0.00028,"Qualified",,28.34,"CapPass","Cycle 5",5,1358,"4-1-1","Alloy 617",314626,"Plate"
153.31,0.00030,"Qualified",,28.37,"CapPass","Cycle 5",5,1359,"4-1-1","Alloy 617",314626,"Plate"
155.37,0.00033,"Qualified",,28.40,"CapPass","Cycle 5",5,1360,"4-1-1","Alloy 617",314626,"Plate"
155.78,0.00036,"Qualified",,28.41,"CapPass","Cycle 5",5,1361,"4-1-1","Alloy 617",314626,"Plate"
155.18,0.00038,"Qualified",,28.42,"CapPass","Cycle 5",5,1362,"4-1-1","Alloy 617",314626,"Plate"
155.19,0.00041,"Qualified",,28.42,"CapPass","Cycle 5",5,1363,"4-1-1","Alloy 617",314626,"Plate"
155.22,0.00044,"Qualified",,28.43,"CapPass","Cycle 5",5,1364,"4-1-1","Alloy 617",314626,"Plate"
155.38,0.00046,"Qualified",,28.43,"CapPass","Cycle 5",5,1365,"4-1-1","Alloy 617",314626,"Plate"
155.73,0.00049,"Qualified",,28.44,"CapPass","Cycle 5",5,1366,"4-1-1","Alloy 617",314626,"Plate"
156.35,0.00052,"Qualified",,28.45,"CapPass","Cycle 5",5,1367,"4-1-1","Alloy 617",314626,"Plate"
156.34,0.00054,"Qualified",,28.49,"CapPass","Cycle 5",5,1368,"4-1-1","Alloy 617",314626,"Plate"
158.57,0.00057,"Qualified",,28.66,"CapPass","Cycle 5",5,1369,"4-1-1","Alloy 617",314626,"Plate"
162.10,0.00059,"Qualified",,28.68,"CapPass","Cycle 5",5,1370,"4-1-1","Alloy 617",314626,"Plate"
165.05,0.00062,"Qualified",,28.70,"CapPass","Cycle 5",5,1371,"4-1-1","Alloy 617",314626,"Plate"
165.31,0.00065,"Qualified",,28.71,"CapPass","Cycle 5",5,1372,"4-1-1","Alloy 617",314626,"Plate"
165.12,0.00068,"Qualified",,28.72,"CapPass","Cycle 5",5,1373,"4-1-1","Alloy 617",314626,"Plate"
165.26,0.00071,"Qualified",,28.72,"CapPass","Cycle 5",5,1374,"4-1-1","Alloy 617",314626,"Plate"
165.39,0.00074,"Qualified",,28.72,"CapPass","Cycle 5",5,1375,"4-1-1","Alloy 617",314626,"Plate"
165.52,0.00077,"Qualified",,28.73,"CapPass","Cycle 5",5,1376,"4-1-1","Alloy 617",314626,"Plate"
165.67,0.00080,"Qualified",,28.73,"CapPass","Cycle 5",5,1377,"4-1-1","Alloy 617",314626,"Plate"
165.81,0.00083,"Qualified",,28.73,"CapPass","Cycle 5",5,1378,"4-1-1","Alloy 617",314626,"Plate"
166.02,0.00086,"Qualified",,28.73,"CapPass","Cycle 5",5,1379,"4-1-1","Alloy 617",314626,"Plate"
166.26,0.00088,"Qualified",,28.74,"CapPass","Cycle 5",5,1380,"4-1-1","Alloy 617",314626,"Plate"
165.89,0.00091,"Qualified",,28.75,"CapPass","Cycle 5",5,1381,"4-1-1","Alloy 617",314626,"Plate"
154.31,0.00088,"Qualified",,28.83,"CapPass","Cycle 5",5,1382,"4-1-1","Alloy 617",314626,"Plate"
150.60,0.00086,"Qualified",,28.86,"CapPass","Cycle 5",5,1383,"4-1-1","Alloy 617",314626,"Plate"
150.48,0.00086,"Qualified",,28.86,"CapPass","Cycle 5",5,1384,"4-1-1","Alloy 617",314626,"Plate"
155.04,0.00088,"Qualified",,28.99,"CapPass","Cycle 5",5,1385,"4-1-1","Alloy 617",314626,"Plate"
158.98,0.00091,"Qualified",,29.01,"CapPass","Cycle 5",5,1386,"4-1-1","Alloy 617",314626,"Plate"
162.47,0.00094,"Qualified",,29.03,"CapPass","Cycle 5",5,1387,"4-1-1","Alloy 617",314626,"Plate"
166.06,0.00096,"Qualified",,29.05,"CapPass","Cycle 5",5,1388,"4-1-1","Alloy 617",314626,"Plate"
169.42,0.00099,"Qualified",,29.07,"CapPass","Cycle 5",5,1389,"4-1-1","Alloy 617",314626,"Plate"
172.78,0.00101,"Qualified",,29.09,"CapPass","Cycle 5",5,1390,"4-1-1","Alloy 617",314626,"Plate"
168.48,0.00104,"Qualified",,29.10,"CapPass","Cycle 5",5,1391,"4-1-1","Alloy 617",314626,"Plate"
169.01,0.00108,"Qualified",,29.11,"CapPass","Cycle 5",5,1392,"4-1-1","Alloy 617",314626,"Plate"
169.31,0.00111,"Qualified",,29.11,"CapPass","Cycle 5",5,1393,"4-1-1","Alloy 617",314626,"Plate"
169.57,0.00116,"Qualified",,29.11,"CapPass","Cycle 5",5,1394,"4-1-1","Alloy 617",314626,"Plate"
169.91,0.00120,"Qualified",,29.11,"CapPass","Cycle 5",5,1395,"4-1-1","Alloy 617",314626,"Plate"
170.31,0.00123,"Qualified",,29.11,"CapPass","Cycle 5",5,1396,"4-1-1","Alloy 617",314626,"Plate"
170.92,0.00125,"Qualified",,29.12,"CapPass","Cycle 5",5,1397,"4-1-1","Alloy 617",314626,"Plate"
165.37,0.00123,"Qualified",,29.23,"CapPass","Cycle 5",5,1398,"4-1-1","Alloy 617",314626,"Plate"
170.24,0.00126,"Qualified",,29.36,"CapPass","Cycle 5",5,1399,"4-1-1","Alloy 617",314626,"Plate"
173.79,0.00128,"Qualified",,29.38,"CapPass","Cycle 5",5,1400,"4-1-1","Alloy 617",314626,"Plate"
177.54,0.00131,"Qualified",,29.40,"CapPass","Cycle 5",5,1401,"4-1-1","Alloy 617",314626,"Plate"
173.76,0.00133,"Qualified",,29.43,"CapPass","Cycle 5",5,1402,"4-1-1","Alloy 617",314626,"Plate"
174.69,0.00136,"Qualified",,29.43,"CapPass","Cycle 5",5,1403,"4-1-1","Alloy 617",314626,"Plate"
175.75,0.00139,"Qualified",,29.44,"CapPass","Cycle 5",5,1404,"4-1-1","Alloy 617",314626,"Plate"
176.90,0.00141,"Qualified",,29.45,"CapPass","Cycle 5",5,1405,"4-1-1","Alloy 617",314626,"Plate"
176.73,0.00144,"Qualified",,29.46,"CapPass","Cycle 5",5,1406,"4-1-1","Alloy 617",314626,"Plate"
176.90,0.00147,"Qualified",,29.46,"CapPass","Cycle 5",5,1407,"4-1-1","Alloy 617",314626,"Plate"
177.16,0.00150,"Qualified",,29.46,"CapPass","Cycle 5",5,1408,"4-1-1","Alloy 617",314626,"Plate"
177.37,0.00152,"Qualified",,29.46,"CapPass","Cycle 5",5,1409,"4-1-1","Alloy 617",314626,"Plate"
177.54,0.00155,"Qualified",,29.46,"CapPass","Cycle 5",5,1410,"4-1-1","Alloy 617",314626,"Plate"
177.96,0.00158,"Qualified",,29.47,"CapPass","Cycle 5",5,1411,"4-1-1","Alloy 617",314626,"Plate"
178.62,0.00161,"Qualified",,29.47,"CapPass","Cycle 5",5,1412,"4-1-1","Alloy 617",314626,"Plate"
179.04,0.00163,"Qualified",,29.49,"CapPass","Cycle 5",5,1413,"4-1-1","Alloy 617",314626,"Plate"
169.93,0.00161,"Qualified",,29.57,"CapPass","Cycle 5",5,1414,"4-1-1","Alloy 617",314626,"Plate"
166.60,0.00158,"Qualified",,29.59,"CapPass","Cycle 5",5,1415,"4-1-1","Alloy 617",314626,"Plate"
173.16,0.00161,"Qualified",,29.73,"CapPass","Cycle 5",5,1416,"4-1-1","Alloy 617",314626,"Plate"
177.30,0.00163,"Qualified",,29.75,"CapPass","Cycle 5",5,1417,"4-1-1","Alloy 617",314626,"Plate"
180.97,0.00166,"Qualified",,29.76,"CapPass","Cycle 5",5,1418,"4-1-1","Alloy 617",314626,"Plate"
184.50,0.00169,"Qualified",,29.78,"CapPass","Cycle 5",5,1419,"4-1-1","Alloy 617",314626,"Plate"
178.35,0.00172,"Qualified",,29.79,"CapPass","Cycle 5",5,1420,"4-1-1","Alloy 617",314626,"Plate"
178.56,0.00177,"Qualified",,29.79,"CapPass","Cycle 5",5,1421,"4-1-1","Alloy 617",314626,"Plate"
178.86,0.00181,"Qualified",,29.79,"CapPass","Cycle 5",5,1422,"4-1-1","Alloy 617",314626,"Plate"
179.07,0.00186,"Qualified",,29.79,"CapPass","Cycle 5",5,1423,"4-1-1","Alloy 617",314626,"Plate"
179.20,0.00191,"Qualified",,29.80,"CapPass","Cycle 5",5,1424,"4-1-1","Alloy 617",314626,"Plate"
179.42,0.00198,"Qualified",,29.80,"CapPass","Cycle 5",5,1425,"4-1-1","Alloy 617",314626,"Plate"
179.55,0.00204,"Qualified",,29.80,"CapPass","Cycle 5",5,1426,"4-1-1","Alloy 617",314626,"Plate"
179.70,0.00211,"Qualified",,29.80,"CapPass","Cycle 5",5,1427,"4-1-1","Alloy 617",314626,"Plate"
179.90,0.00217,"Qualified",,29.80,"CapPass","Cycle 5",5,1428,"4-1-1","Alloy 617",314626,"Plate"
180.10,0.00223,"Qualified",,29.80,"CapPass","Cycle 5",5,1429,"4-1-1","Alloy 617",314626,"Plate"
180.36,0.00227,"Qualified",,29.80,"CapPass","Cycle 5",5,1430,"4-1-1","Alloy 617",314626,"Plate"
180.58,0.00231,"Qualified",,29.80,"CapPass","Cycle 5",5,1431,"4-1-1","Alloy 617",314626,"Plate"
180.65,0.00234,"Qualified",,29.80,"CapPass","Cycle 5",5,1432,"4-1-1","Alloy 617",314626,"Plate"
181.57,0.00231,"Qualified",,29.81,"CapPass","Cycle 5",5,1433,"4-1-1","Alloy 617",314626,"Plate"
170.97,0.00228,"Qualified",,29.85,"CapPass","Cycle 5",5,1434,"4-1-1","Alloy 617",314626,"Plate"
166.68,0.00226,"Qualified",,29.86,"CapPass","Cycle 5",5,1435,"4-1-1","Alloy 617",314626,"Plate"
161.84,0.00223,"Qualified",,29.87,"CapPass","Cycle 5",5,1436,"4-1-1","Alloy 617",314626,"Plate"
157.53,0.00220,"Qualified",,29.87,"CapPass","Cycle 5",5,1437,"4-1-1","Alloy 617",314626,"Plate"
153.78,0.00217,"Qualified",,29.88,"CapPass","Cycle 5",5,1438,"4-1-1","Alloy 617",314626,"Plate"
149.40,0.00215,"Qualified",,29.89,"CapPass","Cycle 5",5,1439,"4-1-1","Alloy 617",314626,"Plate"
145.71,0.00212,"Qualified",,29.89,"CapPass","Cycle 5",5,1440,"4-1-1","Alloy 617",314626,"Plate"
142.10,0.00209,"Qualified",,29.90,"CapPass","Cycle 5",5,1441,"4-1-1","Alloy 617",314626,"Plate"
137.97,0.00207,"Qualified",,29.90,"CapPass","Cycle 5",5,1442,"4-1-1","Alloy 617",314626,"Plate"
134.06,0.00204,"Qualified",,29.91,"CapPass","Cycle 5",5,1443,"4-1-1","Alloy 617",314626,"Plate"
130.38,0.00201,"Qualified",,29.92,"CapPass","Cycle 5",5,1444,"4-1-1","Alloy 617",314626,"Plate"
126.94,0.00198,"Qualified",,29.92,"CapPass","Cycle 5",5,1445,"4-1-1","Alloy 617",314626,"Plate"
123.56,0.00196,"Qualified",,29.93,"CapPass","Cycle 5",5,1446,"4-1-1","Alloy 617",314626,"Plate"
120.42,0.00193,"Qualified",,29.94,"CapPass","Cycle 5",5,1447,"4-1-1","Alloy 617",314626,"Plate"
117.15,0.00191,"Qualified",,29.95,"CapPass","Cycle 5",5,1448,"4-1-1","Alloy 617",314626,"Plate"
114.22,0.00188,"Qualified",,29.96,"CapPass","Cycle 5",5,1449,"4-1-1","Alloy 617",314626,"Plate"
111.70,0.00186,"Qualified",,29.98,"CapPass","Cycle 5",5,1450,"4-1-1","Alloy 617",314626,"Plate"
109.01,0.00183,"Qualified",,30.19,"CapPass","Cycle 5",5,1451,"4-1-1","Alloy 617",314626,"Plate"
104.88,0.00180,"Qualified",,30.22,"CapPass","Cycle 5",5,1452,"4-1-1","Alloy 617",314626,"Plate"
101.14,0.00178,"Qualified",,30.24,"CapPass","Cycle 5",5,1453,"4-1-1","Alloy 617",314626,"Plate"
97.45,0.00175,"Qualified",,30.27,"CapPass","Cycle 5",5,1454,"4-1-1","Alloy 617",314626,"Plate"
93.98,0.00173,"Qualified",,30.29,"CapPass","Cycle 5",5,1455,"4-1-1","Alloy 617",314626,"Plate"
90.62,0.00170,"Qualified",,30.31,"CapPass","Cycle 5",5,1456,"4-1-1","Alloy 617",314626,"Plate"
86.98,0.00168,"Qualified",,30.33,"CapPass","Cycle 5",5,1457,"4-1-1","Alloy 617",314626,"Plate"
83.26,0.00165,"Qualified",,30.35,"CapPass","Cycle 5",5,1458,"4-1-1","Alloy 617",314626,"Plate"
79.94,0.00163,"Qualified",,30.38,"CapPass","Cycle 5",5,1459,"4-1-1","Alloy 617",314626,"Plate"
76.60,0.00160,"Qualified",,30.40,"CapPass","Cycle 5",5,1460,"4-1-1","Alloy 617",314626,"Plate"
72.78,0.00158,"Qualified",,30.43,"CapPass","Cycle 5",5,1461,"4-1-1","Alloy 617",314626,"Plate"
69.32,0.00155,"Qualified",,30.46,"CapPass","Cycle 5",5,1462,"4-1-1","Alloy 617",314626,"Plate"
65.84,0.00153,"Qualified",,30.49,"CapPass","Cycle 5",5,1463,"4-1-1","Alloy 617",314626,"Plate"
62.15,0.00150,"Qualified",,30.51,"CapPass","Cycle 5",5,1464,"4-1-1","Alloy 617",314626,"Plate"
58.59,0.00147,"Qualified",,30.54,"CapPass","Cycle 5",5,1465,"4-1-1","Alloy 617",314626,"Plate"
54.94,0.00145,"Qualified",,30.57,"CapPass","Cycle 5",5,1466,"4-1-1","Alloy 617",314626,"Plate"
51.23,0.00142,"Qualified",,30.60,"CapPass","Cycle 5",5,1467,"4-1-1","Alloy 617",314626,"Plate"
47.92,0.00140,"Qualified",,30.63,"CapPass","Cycle 5",5,1468,"4-1-1","Alloy 617",314626,"Plate"
44.25,0.00137,"Qualified",,30.65,"CapPass","Cycle 5",5,1469,"4-1-1","Alloy 617",314626,"Plate"
40.12,0.00135,"Qualified",,30.69,"CapPass","Cycle 5",5,1470,"4-1-1","Alloy 617",314626,"Plate"
36.37,0.00132,"Qualified",,30.71,"CapPass","Cycle 5",5,1471,"4-1-1","Alloy 617",314626,"Plate"
32.58,0.00130,"Qualified",,30.74,"CapPass","Cycle 5",5,1472,"4-1-1","Alloy 617",314626,"Plate"
29.16,0.00127,"Qualified",,30.77,"CapPass","Cycle 5",5,1473,"4-1-1","Alloy 617",314626,"Plate"
25.59,0.00125,"Qualified",,30.79,"CapPass","Cycle 5",5,1474,"4-1-1","Alloy 617",314626,"Plate"
22.10,0.00122,"Qualified",,30.82,"CapPass","Cycle 5",5,1475,"4-1-1","Alloy 617",314626,"Plate"
18.18,0.00120,"Qualified",,30.84,"CapPass","Cycle 5",5,1476,"4-1-1","Alloy 617",314626,"Plate"
16.38,0.00118,"Qualified",,30.86,"CapPass","Cycle 5",5,1477,"4-1-1","Alloy 617",314626,"Plate"
14.46,0.00117,"Qualified",,30.87,"CapPass","Cycle 5",5,1478,"4-1-1","Alloy 617",314626,"Plate"
10.55,0.00114,"Qualified",,30.90,"CapPass","Cycle 5",5,1479,"4-1-1","Alloy 617",314626,"Plate"
6.27,0.00112,"Qualified",,30.93,"CapPass","Cycle 5",5,1480,"4-1-1","Alloy 617",314626,"Plate"
2.14,0.00109,"Qualified",,30.96,"CapPass","Cycle 5",5,1481,"4-1-1","Alloy 617",314626,"Plate"
-1.67,0.00107,"Qualified",,30.99,"CapPass","Cycle 5",5,1482,"4-1-1","Alloy 617",314626,"Plate"
-5.28,0.00104,"Qualified",,31.01,"CapPass","Cycle 5",5,1483,"4-1-1","Alloy 617",314626,"Plate"
-8.69,0.00102,"Qualified",,31.04,"CapPass","Cycle 5",5,1484,"4-1-1","Alloy 617",314626,"Plate"
-12.19,0.00099,"Qualified",,31.06,"CapPass","Cycle 5",5,1485,"4-1-1","Alloy 617",314626,"Plate"
-15.57,0.00097,"Qualified",,31.09,"CapPass","Cycle 5",5,1486,"4-1-1","Alloy 617",314626,"Plate"
-18.99,0.00094,"Qualified",,31.12,"CapPass","Cycle 5",5,1487,"4-1-1","Alloy 617",314626,"Plate"
-21.53,0.00092,"Qualified",,31.16,"CapPass","Cycle 5",5,1488,"4-1-1","Alloy 617",314626,"Plate"
-24.17,0.00089,"Qualified",,31.28,"CapPass","Cycle 5",5,1489,"4-1-1","Alloy 617",314626,"Plate"
-28.09,0.00087,"Qualified",,31.32,"CapPass","Cycle 5",5,1490,"4-1-1","Alloy 617",314626,"Plate"
-31.93,0.00084,"Qualified",,31.36,"CapPass","Cycle 5",5,1491,"4-1-1","Alloy 617",314626,"Plate"
-35.55,0.00082,"Qualified",,31.39,"CapPass","Cycle 5",5,1492,"4-1-1","Alloy 617",314626,"Plate"
-39.49,0.00079,"Qualified",,31.42,"CapPass","Cycle 5",5,1493,"4-1-1","Alloy 617",314626,"Plate"
-43.40,0.00076,"Qualified",,31.45,"CapPass","Cycle 5",5,1494,"4-1-1","Alloy 617",314626,"Plate"
-47.42,0.00074,"Qualified",,31.47,"CapPass","Cycle 5",5,1495,"4-1-1","Alloy 617",314626,"Plate"
-51.43,0.00071,"Qualified",,31.49,"CapPass","Cycle 5",5,1496,"4-1-1","Alloy 617",314626,"Plate"
-55.65,0.00069,"Qualified",,31.50,"CapPass","Cycle 5",5,1497,"4-1-1","Alloy 617",314626,"Plate"
-59.50,0.00066,"Qualified",,31.51,"CapPass","Cycle 5",5,1498,"4-1-1","Alloy 617",314626,"Plate"
-63.18,0.00063,"Qualified",,31.53,"CapPass","Cycle 5",5,1499,"4-1-1","Alloy 617",314626,"Plate"
-66.88,0.00061,"Qualified",,31.54,"CapPass","Cycle 5",5,1500,"4-1-1","Alloy 617",314626,"Plate"
-70.51,0.00058,"Qualified",,31.55,"CapPass","Cycle 5",5,1501,"4-1-1","Alloy 617",314626,"Plate"
-74.25,0.00056,"Qualified",,31.57,"CapPass","Cycle 5",5,1502,"4-1-1","Alloy 617",314626,"Plate"
-78.00,0.00053,"Qualified",,31.58,"CapPass","Cycle 5",5,1503,"4-1-1","Alloy 617",314626,"Plate"
-81.66,0.00051,"Qualified",,31.60,"CapPass","Cycle 5",5,1504,"4-1-1","Alloy 617",314626,"Plate"
-85.15,0.00048,"Qualified",,31.61,"CapPass","Cycle 5",5,1505,"4-1-1","Alloy 617",314626,"Plate"
-88.88,0.00046,"Qualified",,31.63,"CapPass","Cycle 5",5,1506,"4-1-1","Alloy 617",314626,"Plate"
-92.35,0.00043,"Qualified",,31.64,"CapPass","Cycle 5",5,1507,"4-1-1","Alloy 617",314626,"Plate"
-95.88,0.00041,"Qualified",,31.66,"CapPass","Cycle 5",5,1508,"4-1-1","Alloy 617",314626,"Plate"
-99.43,0.00038,"Qualified",,31.68,"CapPass","Cycle 5",5,1509,"4-1-1","Alloy 617",314626,"Plate"
-102.73,0.00035,"Qualified",,31.70,"CapPass","Cycle 5",5,1510,"4-1-1","Alloy 617",314626,"Plate"
-106.22,0.00033,"Qualified",,31.72,"CapPass","Cycle 5",5,1511,"4-1-1","Alloy 617",314626,"Plate"
-109.64,0.00030,"Qualified",,31.75,"CapPass","Cycle 5",5,1512,"4-1-1","Alloy 617",314626,"Plate"
-113.25,0.00028,"Qualified",,31.77,"CapPass","Cycle 5",5,1513,"4-1-1","Alloy 617",314626,"Plate"
-116.85,0.00025,"Qualified",,31.80,"CapPass","Cycle 5",5,1514,"4-1-1","Alloy 617",314626,"Plate"
-120.27,0.00023,"Qualified",,31.83,"CapPass","Cycle 5",5,1515,"4-1-1","Alloy 617",314626,"Plate"
-123.55,0.00020,"Qualified",,31.85,"CapPass","Cycle 5",5,1516,"4-1-1","Alloy 617",314626,"Plate"
-124.50,0.00019,"Qualified",,31.86,"CapPass","Cycle 5",5,1517,"4-1-1","Alloy 617",314626,"Plate"
-126.74,0.00018,"Qualified",,31.88,"CapPass","Cycle 5",5,1518,"4-1-1","Alloy 617",314626,"Plate"
-130.03,0.00015,"Qualified",,31.90,"CapPass","Cycle 5",5,1519,"4-1-1","Alloy 617",314626,"Plate"
-133.43,0.00012,"Qualified",,31.93,"CapPass","Cycle 5",5,1520,"4-1-1","Alloy 617",314626,"Plate"
-136.13,0.00010,"Qualified",,31.95,"CapPass","Cycle 5",5,1521,"4-1-1","Alloy 617",314626,"Plate"
-138.53,0.00007,"Qualified",,31.97,"CapPass","Cycle 5",5,1522,"4-1-1","Alloy 617",314626,"Plate"
-140.68,0.00005,"Qualified",,31.99,"CapPass","Cycle 5",5,1523,"4-1-1","Alloy 617",314626,"Plate"
-142.16,0.00002,"Qualified",,32.01,"CapPass","Cycle 5",5,1524,"4-1-1","Alloy 617",314626,"Plate"
-143.43,-0.00001,"Qualified",,32.02,"CapPass","Cycle 5",5,1525,"4-1-1","Alloy 617",314626,"Plate"
-144.63,-0.00003,"Qualified",,32.04,"CapPass","Cycle 5",5,1526,"4-1-1","Alloy 617",314626,"Plate"
-145.69,-0.00006,"Qualified",,32.06,"CapPass","Cycle 5",5,1527,"4-1-1","Alloy 617",314626,"Plate"
-146.65,-0.00008,"Qualified",,32.08,"CapPass","Cycle 5",5,1528,"4-1-1","Alloy 617",314626,"Plate"
-147.60,-0.00011,"Qualified",,32.11,"CapPass","Cycle 5",5,1529,"4-1-1","Alloy 617",314626,"Plate"
-149.44,-0.00013,"Qualified",,32.17,"CapPass","Cycle 5",5,1530,"4-1-1","Alloy 617",314626,"Plate"
-152.40,-0.00016,"Qualified",,32.22,"CapPass","Cycle 5",5,1531,"4-1-1","Alloy 617",314626,"Plate"
-155.11,-0.00018,"Qualified",,32.25,"CapPass","Cycle 5",5,1532,"4-1-1","Alloy 617",314626,"Plate"
-156.72,-0.00021,"Qualified",,32.27,"CapPass","Cycle 5",5,1533,"4-1-1","Alloy 617",314626,"Plate"
-156.73,-0.00023,"Qualified",,32.29,"CapPass","Cycle 5",5,1534,"4-1-1","Alloy 617",314626,"Plate"
-156.89,-0.00026,"Qualified",,32.29,"CapPass","Cycle 5",5,1535,"4-1-1","Alloy 617",314626,"Plate"
-157.09,-0.00029,"Qualified",,32.30,"CapPass","Cycle 5",5,1536,"4-1-1","Alloy 617",314626,"Plate"
-157.24,-0.00031,"Qualified",,32.31,"CapPass","Cycle 5",5,1537,"4-1-1","Alloy 617",314626,"Plate"
-157.36,-0.00034,"Qualified",,32.31,"CapPass","Cycle 5",5,1538,"4-1-1","Alloy 617",314626,"Plate"
-157.48,-0.00037,"Qualified",,32.32,"CapPass","Cycle 5",5,1539,"4-1-1","Alloy 617",314626,"Plate"
-157.63,-0.00040,"Qualified",,32.32,"CapPass","Cycle 5",5,1540,"4-1-1","Alloy 617",314626,"Plate"
-157.81,-0.00042,"Qualified",,32.32,"CapPass","Cycle 5",5,1541,"4-1-1","Alloy 617",314626,"Plate"
-158.00,-0.00045,"Qualified",,32.33,"CapPass","Cycle 5",5,1542,"4-1-1","Alloy 617",314626,"Plate"
-158.11,-0.00048,"Qualified",,32.34,"CapPass","Cycle 5",5,1543,"4-1-1","Alloy 617",314626,"Plate"
-151.39,-0.00045,"Qualified",,32.41,"CapPass","Cycle 5",5,1544,"4-1-1","Alloy 617",314626,"Plate"
-147.65,-0.00043,"Qualified",,32.44,"CapPass","Cycle 5",5,1545,"4-1-1","Alloy 617",314626,"Plate"
-153.52,-0.00045,"Qualified",,32.57,"CapPass","Cycle 5",5,1546,"4-1-1","Alloy 617",314626,"Plate"
-157.24,-0.00048,"Qualified",,32.59,"CapPass","Cycle 5",5,1547,"4-1-1","Alloy 617",314626,"Plate"
-160.94,-0.00050,"Qualified",,32.61,"CapPass","Cycle 5",5,1548,"4-1-1","Alloy 617",314626,"Plate"
-164.62,-0.00053,"Qualified",,32.63,"CapPass","Cycle 5",5,1549,"4-1-1","Alloy 617",314626,"Plate"
-167.76,-0.00055,"Qualified",,32.65,"CapPass","Cycle 5",5,1550,"4-1-1","Alloy 617",314626,"Plate"
-168.16,-0.00058,"Qualified",,32.66,"CapPass","Cycle 5",5,1551,"4-1-1","Alloy 617",314626,"Plate"
-168.56,-0.00061,"Qualified",,32.67,"CapPass","Cycle 5",5,1552,"4-1-1","Alloy 617",314626,"Plate"
-168.72,-0.00064,"Qualified",,32.67,"CapPass","Cycle 5",5,1553,"4-1-1","Alloy 617",314626,"Plate"
-168.68,-0.00067,"Qualified",,32.67,"CapPass","Cycle 5",5,1554,"4-1-1","Alloy 617",314626,"Plate"
-168.63,-0.00071,"Qualified",,32.68,"CapPass","Cycle 5",5,1555,"4-1-1","Alloy 617",314626,"Plate"
-168.65,-0.00073,"Qualified",,32.68,"CapPass","Cycle 5",5,1556,"4-1-1","Alloy 617",314626,"Plate"
-168.64,-0.00077,"Qualified",,32.68,"CapPass","Cycle 5",5,1557,"4-1-1","Alloy 617",314626,"Plate"
-168.71,-0.00080,"Qualified",,32.68,"CapPass","Cycle 5",5,1558,"4-1-1","Alloy 617",314626,"Plate"
-168.77,-0.00083,"Qualified",,32.69,"CapPass","Cycle 5",5,1559,"4-1-1","Alloy 617",314626,"Plate"
-168.90,-0.00086,"Qualified",,32.69,"CapPass","Cycle 5",5,1560,"4-1-1","Alloy 617",314626,"Plate"
-169.00,-0.00088,"Qualified",,32.69,"CapPass","Cycle 5",5,1561,"4-1-1","Alloy 617",314626,"Plate"
-169.13,-0.00091,"Qualified",,32.69,"CapPass","Cycle 5",5,1562,"4-1-1","Alloy 617",314626,"Plate"
-169.14,-0.00094,"Qualified",,32.70,"CapPass","Cycle 5",5,1563,"4-1-1","Alloy 617",314626,"Plate"
-169.05,-0.00097,"Qualified",,32.70,"CapPass","Cycle 5",5,1564,"4-1-1","Alloy 617",314626,"Plate"
-168.83,-0.00100,"Qualified",,32.71,"CapPass","Cycle 5",5,1565,"4-1-1","Alloy 617",314626,"Plate"
-168.15,-0.00102,"Qualified",,32.72,"CapPass","Cycle 5",5,1566,"4-1-1","Alloy 617",314626,"Plate"
-160.08,-0.00100,"Qualified",,32.75,"CapPass","Cycle 5",5,1567,"4-1-1","Alloy 617",314626,"Plate"
-155.63,-0.00097,"Qualified",,32.76,"CapPass","Cycle 5",5,1568,"4-1-1","Alloy 617",314626,"Plate"
-151.39,-0.00094,"Qualified",,32.77,"CapPass","Cycle 5",5,1569,"4-1-1","Alloy 617",314626,"Plate"
-147.10,-0.00092,"Qualified",,32.78,"CapPass","Cycle 5",5,1570,"4-1-1","Alloy 617",314626,"Plate"
-143.08,-0.00089,"Qualified",,32.79,"CapPass","Cycle 5",5,1571,"4-1-1","Alloy 617",314626,"Plate"
-139.35,-0.00086,"Qualified",,32.81,"CapPass","Cycle 5",5,1572,"4-1-1","Alloy 617",314626,"Plate"
-135.66,-0.00084,"Qualified",,32.82,"CapPass","Cycle 5",5,1573,"4-1-1","Alloy 617",314626,"Plate"
-132.24,-0.00081,"Qualified",,32.83,"CapPass","Cycle 5",5,1574,"4-1-1","Alloy 617",314626,"Plate"
-128.89,-0.00079,"Qualified",,32.85,"CapPass","Cycle 5",5,1575,"4-1-1","Alloy 617",314626,"Plate"
-127.89,-0.00078,"Qualified",,32.86,"CapPass","Cycle 5",5,1576,"4-1-1","Alloy 617",314626,"Plate"
-134.50,-0.00081,"Qualified",,32.95,"CapPass","Cycle 5",5,1577,"4-1-1","Alloy 617",314626,"Plate"
-138.44,-0.00084,"Qualified",,32.96,"CapPass","Cycle 5",5,1578,"4-1-1","Alloy 617",314626,"Plate"
-141.98,-0.00086,"Qualified",,32.98,"CapPass","Cycle 5",5,1579,"4-1-1","Alloy 617",314626,"Plate"
-145.69,-0.00089,"Qualified",,32.99,"CapPass","Cycle 5",5,1580,"4-1-1","Alloy 617",314626,"Plate"
-149.22,-0.00092,"Qualified",,33.01,"CapPass","Cycle 5",5,1581,"4-1-1","Alloy 617",314626,"Plate"
-152.94,-0.00094,"Qualified",,33.03,"CapPass","Cycle 5",5,1582,"4-1-1","Alloy 617",314626,"Plate"
-156.39,-0.00097,"Qualified",,33.04,"CapPass","Cycle 5",5,1583,"4-1-1","Alloy 617",314626,"Plate"
-160.00,-0.00099,"Qualified",,33.06,"CapPass","Cycle 5",5,1584,"4-1-1","Alloy 617",314626,"Plate"
-163.46,-0.00102,"Qualified",,33.08,"CapPass","Cycle 5",5,1585,"4-1-1","Alloy 617",314626,"Plate"
-167.02,-0.00104,"Qualified",,33.10,"CapPass","Cycle 5",5,1586,"4-1-1","Alloy 617",314626,"Plate"
-170.43,-0.00107,"Qualified",,33.13,"CapPass","Cycle 5",5,1587,"4-1-1","Alloy 617",314626,"Plate"
-173.70,-0.00110,"Qualified",,33.15,"CapPass","Cycle 5",5,1588,"4-1-1","Alloy 617",314626,"Plate"
-171.12,-0.00112,"Qualified",,33.18,"CapPass","Cycle 5",5,1589,"4-1-1","Alloy 617",314626,"Plate"
-172.06,-0.00115,"Qualified",,33.19,"CapPass","Cycle 5",5,1590,"4-1-1","Alloy 617",314626,"Plate"
-173.02,-0.00117,"Qualified",,33.20,"CapPass","Cycle 5",5,1591,"4-1-1","Alloy 617",314626,"Plate"
-176.15,-0.00120,"Qualified",,33.23,"CapPass","Cycle 5",5,1592,"4-1-1","Alloy 617",314626,"Plate"
-178.03,-0.00123,"Qualified",,33.26,"CapPass","Cycle 5",5,1593,"4-1-1","Alloy 617",314626,"Plate"
-178.71,-0.00125,"Qualified",,33.27,"CapPass","Cycle 5",5,1594,"4-1-1","Alloy 617",314626,"Plate"
-179.48,-0.00128,"Qualified",,33.29,"CapPass","Cycle 5",5,1595,"4-1-1","Alloy 617",314626,"Plate"
-179.89,-0.00130,"Qualified",,33.30,"CapPass","Cycle 5",5,1596,"4-1-1","Alloy 617",314626,"Plate"
-180.52,-0.00133,"Qualified",,33.33,"CapPass","Cycle 5",5,1597,"4-1-1","Alloy 617",314626,"Plate"
-180.82,-0.00135,"Qualified",,33.36,"CapPass","Cycle 5",5,1598,"4-1-1","Alloy 617",314626,"Plate"
-182.79,-0.00138,"Qualified",,33.45,"CapPass","Cycle 5",5,1599,"4-1-1","Alloy 617",314626,"Plate"
-182.02,-0.00140,"Qualified",,33.49,"CapPass","Cycle 5",5,1600,"4-1-1","Alloy 617",314626,"Plate"
-177.22,-0.00144,"Qualified",,33.49,"CapPass","Cycle 5",5,1601,"4-1-1","Alloy 617",314626,"Plate"
-177.52,-0.00149,"Qualified",,33.49,"CapPass","Cycle 5",5,1602,"4-1-1","Alloy 617",314626,"Plate"
-177.67,-0.00153,"Qualified",,33.50,"CapPass","Cycle 5",5,1603,"4-1-1","Alloy 617",314626,"Plate"
-177.70,-0.00158,"Qualified",,33.50,"CapPass","Cycle 5",5,1604,"4-1-1","Alloy 617",314626,"Plate"
-177.83,-0.00163,"Qualified",,33.50,"CapPass","Cycle 5",5,1605,"4-1-1","Alloy 617",314626,"Plate"
-177.91,-0.00168,"Qualified",,33.50,"CapPass","Cycle 5",5,1606,"4-1-1","Alloy 617",314626,"Plate"
-177.96,-0.00174,"Qualified",,33.50,"CapPass","Cycle 5",5,1607,"4-1-1","Alloy 617",314626,"Plate"
-178.07,-0.00180,"Qualified",,33.50,"CapPass","Cycle 5",5,1608,"4-1-1","Alloy 617",314626,"Plate"
-178.16,-0.00185,"Qualified",,33.50,"CapPass","Cycle 5",5,1609,"4-1-1","Alloy 617",314626,"Plate"
-178.28,-0.00189,"Qualified",,33.50,"CapPass","Cycle 5",5,1610,"4-1-1","Alloy 617",314626,"Plate"
-178.44,-0.00193,"Qualified",,33.50,"CapPass","Cycle 5",5,1611,"4-1-1","Alloy 617",314626,"Plate"
-178.52,-0.00195,"Qualified",,33.50,"CapPass","Cycle 5",5,1612,"4-1-1","Alloy 617",314626,"Plate"
-178.72,-0.00198,"Qualified",,33.51,"CapPass","Cycle 5",5,1613,"4-1-1","Alloy 617",314626,"Plate"
-179.04,-0.00195,"Qualified",,33.51,"CapPass","Cycle 5",5,1614,"4-1-1","Alloy 617",314626,"Plate"
-179.03,-0.00192,"Qualified",,33.51,"CapPass","Cycle 5",5,1615,"4-1-1","Alloy 617",314626,"Plate"
-168.10,-0.00189,"Qualified",,33.55,"CapPass","Cycle 5",5,1616,"4-1-1","Alloy 617",314626,"Plate"
-163.70,-0.00186,"Qualified",,33.56,"CapPass","Cycle 5",5,1617,"4-1-1","Alloy 617",314626,"Plate"
-159.48,-0.00184,"Qualified",,33.57,"CapPass","Cycle 5",5,1618,"4-1-1","Alloy 617",314626,"Plate"
-155.79,-0.00181,"Qualified",,33.58,"CapPass","Cycle 5",5,1619,"4-1-1","Alloy 617",314626,"Plate"
-151.50,-0.00179,"Qualified",,33.58,"CapPass","Cycle 5",5,1620,"4-1-1","Alloy 617",314626,"Plate"
-147.87,-0.00176,"Qualified",,33.59,"CapPass","Cycle 5",5,1621,"4-1-1","Alloy 617",314626,"Plate"
-143.78,-0.00173,"Qualified",,33.60,"CapPass","Cycle 5",5,1622,"4-1-1","Alloy 617",314626,"Plate"
-139.96,-0.00170,"Qualified",,33.61,"CapPass","Cycle 5",5,1623,"4-1-1","Alloy 617",314626,"Plate"
-136.42,-0.00168,"Qualified",,33.62,"CapPass","Cycle 5",5,1624,"4-1-1","Alloy 617",314626,"Plate"
-132.84,-0.00165,"Qualified",,33.62,"CapPass","Cycle 5",5,1625,"4-1-1","Alloy 617",314626,"Plate"
-129.49,-0.00162,"Qualified",,33.63,"CapPass","Cycle 5",5,1626,"4-1-1","Alloy 617",314626,"Plate"
-126.06,-0.00160,"Qualified",,33.65,"CapPass","Cycle 5",5,1627,"4-1-1","Alloy 617",314626,"Plate"
-123.05,-0.00157,"Qualified",,33.66,"CapPass","Cycle 5",5,1628,"4-1-1","Alloy 617",314626,"Plate"
-130.00,-0.00160,"Qualified",,33.75,"CapPass","Cycle 5",5,1629,"4-1-1","Alloy 617",314626,"Plate"
-134.26,-0.00162,"Qualified",,33.76,"CapPass","Cycle 5",5,1630,"4-1-1","Alloy 617",314626,"Plate"
-138.07,-0.00165,"Qualified",,33.78,"CapPass","Cycle 5",5,1631,"4-1-1","Alloy 617",314626,"Plate"
-141.82,-0.00168,"Qualified",,33.79,"CapPass","Cycle 5",5,1632,"4-1-1","Alloy 617",314626,"Plate"
-145.54,-0.00170,"Qualified",,33.81,"CapPass","Cycle 5",5,1633,"4-1-1","Alloy 617",314626,"Plate"
-149.10,-0.00173,"Qualified",,33.82,"CapPass","Cycle 5",5,1634,"4-1-1","Alloy 617",314626,"Plate"
-152.74,-0.00175,"Qualified",,33.83,"CapPass","Cycle 5",5,1635,"4-1-1","Alloy 617",314626,"Plate"
-156.34,-0.00178,"Qualified",,33.85,"CapPass","Cycle 5",5,1636,"4-1-1","Alloy 617",314626,"Plate"
-158.22,-0.00179,"Qualified",,33.86,"CapPass","Cycle 5",5,1637,"4-1-1","Alloy 617",314626,"Plate"
-159.81,-0.00180,"Qualified",,33.87,"CapPass","Cycle 5",5,1638,"4-1-1","Alloy 617",314626,"Plate"
-163.51,-0.00183,"Qualified",,33.89,"CapPass","Cycle 5",5,1639,"4-1-1","Alloy 617",314626,"Plate"
-167.19,-0.00185,"Qualified",,33.91,"CapPass","Cycle 5",5,1640,"4-1-1","Alloy 617",314626,"Plate"
-170.98,-0.00188,"Qualified",,33.93,"CapPass","Cycle 5",5,1641,"4-1-1","Alloy 617",314626,"Plate"
-174.81,-0.00190,"Qualified",,33.96,"CapPass","Cycle 5",5,1642,"4-1-1","Alloy 617",314626,"Plate"
-178.05,-0.00193,"Qualified",,33.99,"CapPass","Cycle 5",5,1643,"4-1-1","Alloy 617",314626,"Plate"
-170.93,-0.00190,"Qualified",,34.12,"CapPass","Cycle 5",5,1644,"4-1-1","Alloy 617",314626,"Plate"
-166.94,-0.00188,"Qualified",,34.14,"CapPass","Cycle 5",5,1645,"4-1-1","Alloy 617",314626,"Plate"
-163.01,-0.00185,"Qualified",,34.16,"CapPass","Cycle 5",5,1646,"4-1-1","Alloy 617",314626,"Plate"
-158.82,-0.00183,"Qualified",,34.18,"CapPass","Cycle 5",5,1647,"4-1-1","Alloy 617",314626,"Plate"
-154.86,-0.00180,"Qualified",,34.20,"CapPass","Cycle 5",5,1648,"4-1-1","Alloy 617",314626,"Plate"
-151.05,-0.00178,"Qualified",,34.22,"CapPass","Cycle 5",5,1649,"4-1-1","Alloy 617",314626,"Plate"
-147.40,-0.00175,"Qualified",,34.24,"CapPass","Cycle 5",5,1650,"4-1-1","Alloy 617",314626,"Plate"
-143.78,-0.00173,"Qualified",,34.26,"CapPass","Cycle 5",5,1651,"4-1-1","Alloy 617",314626,"Plate"
-140.26,-0.00170,"Qualified",,34.28,"CapPass","Cycle 5",5,1652,"4-1-1","Alloy 617",314626,"Plate"
-136.81,-0.00168,"Qualified",,34.30,"CapPass","Cycle 5",5,1653,"4-1-1","Alloy 617",314626,"Plate"
-133.01,-0.00165,"Qualified",,34.33,"CapPass","Cycle 5",5,1654,"4-1-1","Alloy 617",314626,"Plate"
-129.30,-0.00162,"Qualified",,34.36,"CapPass","Cycle 5",5,1655,"4-1-1","Alloy 617",314626,"Plate"
-125.09,-0.00160,"Qualified",,34.39,"CapPass","Cycle 5",5,1656,"4-1-1","Alloy 617",314626,"Plate"
-120.67,-0.00157,"Qualified",,34.42,"CapPass","Cycle 5",5,1657,"4-1-1","Alloy 617",314626,"Plate"
-116.39,-0.00155,"Qualified",,34.46,"CapPass","Cycle 5",5,1658,"4-1-1","Alloy 617",314626,"Plate"
-112.16,-0.00152,"Qualified",,34.48,"CapPass","Cycle 5",5,1659,"4-1-1","Alloy 617",314626,"Plate"
-108.06,-0.00150,"Qualified",,34.51,"CapPass","Cycle 5",5,1660,"4-1-1","Alloy 617",314626,"Plate"
-104.27,-0.00147,"Qualified",,34.54,"CapPass","Cycle 5",5,1661,"4-1-1","Alloy 617",314626,"Plate"
-100.43,-0.00145,"Qualified",,34.56,"CapPass","Cycle 5",5,1662,"4-1-1","Alloy 617",314626,"Plate"
-96.06,-0.00142,"Qualified",,34.59,"CapPass","Cycle 5",5,1663,"4-1-1","Alloy 617",314626,"Plate"
-91.45,-0.00139,"Qualified",,34.62,"CapPass","Cycle 5",5,1664,"4-1-1","Alloy 617",314626,"Plate"
-87.36,-0.00137,"Qualified",,34.65,"CapPass","Cycle 5",5,1665,"4-1-1","Alloy 617",314626,"Plate"
-82.98,-0.00134,"Qualified",,34.68,"CapPass","Cycle 5",5,1666,"4-1-1","Alloy 617",314626,"Plate"
-78.96,-0.00132,"Qualified",,34.71,"CapPass","Cycle 5",5,1667,"4-1-1","Alloy 617",314626,"Plate"
-75.08,-0.00129,"Qualified",,34.73,"CapPass","Cycle 5",5,1668,"4-1-1","Alloy 617",314626,"Plate"
-71.40,-0.00127,"Qualified",,34.75,"CapPass","Cycle 5",5,1669,"4-1-1","Alloy 617",314626,"Plate"
-67.36,-0.00124,"Qualified",,34.78,"CapPass","Cycle 5",5,1670,"4-1-1","Alloy 617",314626,"Plate"
-63.73,-0.00122,"Qualified",,34.81,"CapPass","Cycle 5",5,1671,"4-1-1","Alloy 617",314626,"Plate"
-59.77,-0.00119,"Qualified",,34.83,"CapPass","Cycle 5",5,1672,"4-1-1","Alloy 617",314626,"Plate"
-56.13,-0.00117,"Qualified",,34.86,"CapPass","Cycle 5",5,1673,"4-1-1","Alloy 617",314626,"Plate"
-56.00,-0.00116,"Qualified",,34.86,"CapPass","Cycle 5",5,1674,"4-1-1","Alloy 617",314626,"Plate"
-52.39,-0.00114,"Qualified",,34.89,"CapPass","Cycle 5",5,1675,"4-1-1","Alloy 617",314626,"Plate"
-48.81,-0.00111,"Qualified",,34.91,"CapPass","Cycle 5",5,1676,"4-1-1","Alloy 617",314626,"Plate"
-45.33,-0.00109,"Qualified",,34.94,"CapPass","Cycle 5",5,1677,"4-1-1","Alloy 617",314626,"Plate"
-41.82,-0.00106,"Qualified",,34.96,"CapPass","Cycle 5",5,1678,"4-1-1","Alloy 617",314626,"Plate"
-38.64,-0.00104,"Qualified",,34.99,"CapPass","Cycle 5",5,1679,"4-1-1","Alloy 617",314626,"Plate"
-35.23,-0.00101,"Qualified",,35.01,"CapPass","Cycle 5",5,1680,"4-1-1","Alloy 617",314626,"Plate"
-31.85,-0.00099,"Qualified",,35.04,"CapPass","Cycle 5",5,1681,"4-1-1","Alloy 617",314626,"Plate"
-28.72,-0.00096,"Qualified",,35.07,"CapPass","Cycle 5",5,1682,"4-1-1","Alloy 617",314626,"Plate"
-25.58,-0.00094,"Qualified",,35.09,"CapPass","Cycle 5",5,1683,"4-1-1","Alloy 617",314626,"Plate"
-22.34,-0.00091,"Qualified",,35.12,"CapPass","Cycle 5",5,1684,"4-1-1","Alloy 617",314626,"Plate"
-19.24,-0.00089,"Qualified",,35.14,"CapPass","Cycle 5",5,1685,"4-1-1","Alloy 617",314626,"Plate"
-15.79,-0.00086,"Qualified",,35.17,"CapPass","Cycle 5",5,1686,"4-1-1","Alloy 617",314626,"Plate"
-12.28,-0.00083,"Qualified",,35.20,"CapPass","Cycle 5",5,1687,"4-1-1","Alloy 617",314626,"Plate"
-9.10,-0.00081,"Qualified",,35.23,"CapPass","Cycle 5",5,1688,"4-1-1","Alloy 617",314626,"Plate"
-5.70,-0.00078,"Qualified",,35.25,"CapPass","Cycle 5",5,1689,"4-1-1","Alloy 617",314626,"Plate"
-2.38,-0.00076,"Qualified",,35.28,"CapPass","Cycle 5",5,1690,"4-1-1","Alloy 617",314626,"Plate"
1.08,-0.00073,"Qualified",,35.31,"CapPass","Cycle 5",5,1691,"4-1-1","Alloy 617",314626,"Plate"
4.37,-0.00071,"Qualified",,35.34,"CapPass","Cycle 5",5,1692,"4-1-1","Alloy 617",314626,"Plate"
7.90,-0.00068,"Qualified",,35.37,"CapPass","Cycle 5",5,1693,"4-1-1","Alloy 617",314626,"Plate"
11.60,-0.00066,"Qualified",,35.40,"CapPass","Cycle 5",5,1694,"4-1-1","Alloy 617",314626,"Plate"
15.20,-0.00063,"Qualified",,35.42,"CapPass","Cycle 5",5,1695,"4-1-1","Alloy 617",314626,"Plate"
19.02,-0.00061,"Qualified",,35.45,"CapPass","Cycle 5",5,1696,"4-1-1","Alloy 617",314626,"Plate"
22.87,-0.00058,"Qualified",,35.48,"CapPass","Cycle 5",5,1697,"4-1-1","Alloy 617",314626,"Plate"
26.08,-0.00055,"Qualified",,35.51,"CapPass","Cycle 5",5,1698,"4-1-1","Alloy 617",314626,"Plate"
29.23,-0.00053,"Qualified",,35.56,"CapPass","Cycle 5",5,1699,"4-1-1","Alloy 617",314626,"Plate"
33.34,-0.00050,"Qualified",,35.61,"CapPass","Cycle 5",5,1700,"4-1-1","Alloy 617",314626,"Plate"
37.59,-0.00048,"Qualified",,35.64,"CapPass","Cycle 5",5,1701,"4-1-1","Alloy 617",314626,"Plate"
41.80,-0.00045,"Qualified",,35.67,"CapPass","Cycle 5",5,1702,"4-1-1","Alloy 617",314626,"Plate"
45.97,-0.00043,"Qualified",,35.69,"CapPass","Cycle 5",5,1703,"4-1-1","Alloy 617",314626,"Plate"
49.42,-0.00040,"Qualified",,35.71,"CapPass","Cycle 5",5,1704,"4-1-1","Alloy 617",314626,"Plate"
53.08,-0.00038,"Qualified",,35.73,"CapPass","Cycle 5",5,1705,"4-1-1","Alloy 617",314626,"Plate"
56.81,-0.00035,"Qualified",,35.75,"CapPass","Cycle 5",5,1706,"4-1-1","Alloy 617",314626,"Plate"
60.41,-0.00032,"Qualified",,35.78,"CapPass","Cycle 5",5,1707,"4-1-1","Alloy 617",314626,"Plate"
64.43,-0.00030,"Qualified",,35.82,"CapPass","Cycle 5",5,1708,"4-1-1","Alloy 617",314626,"Plate"
68.54,-0.00027,"Qualified",,35.86,"CapPass","Cycle 5",5,1709,"4-1-1","Alloy 617",314626,"Plate"
72.51,-0.00025,"Qualified",,35.89,"CapPass","Cycle 5",5,1710,"4-1-1","Alloy 617",314626,"Plate"
76.26,-0.00022,"Qualified",,35.93,"CapPass","Cycle 5",5,1711,"4-1-1","Alloy 617",314626,"Plate"
95.64,-0.00020,"Qualified",,68.00,"CapPass","Cycle 10",10,3177,"4-1-1","Alloy 617",314626,"Plate"
99.10,-0.00017,"Qualified",,68.03,"CapPass","Cycle 10",10,3178,"4-1-1","Alloy 617",314626,"Plate"
102.49,-0.00015,"Qualified",,68.05,"CapPass","Cycle 10",10,3179,"4-1-1","Alloy 617",314626,"Plate"
106.39,-0.00012,"Qualified",,68.08,"CapPass","Cycle 10",10,3180,"4-1-1","Alloy 617",314626,"Plate"
110.19,-0.00010,"Qualified",,68.10,"CapPass","Cycle 10",10,3181,"4-1-1","Alloy 617",314626,"Plate"
113.60,-0.00007,"Qualified",,68.11,"CapPass","Cycle 10",10,3182,"4-1-1","Alloy 617",314626,"Plate"
117.11,-0.00005,"Qualified",,68.13,"CapPass","Cycle 10",10,3183,"4-1-1","Alloy 617",314626,"Plate"
120.56,-0.00002,"Qualified",,68.15,"CapPass","Cycle 10",10,3184,"4-1-1","Alloy 617",314626,"Plate"
123.91,0.00000,"Qualified",,68.16,"CapPass","Cycle 10",10,3185,"4-1-1","Alloy 617",314626,"Plate"
127.18,0.00003,"Qualified",,68.18,"CapPass","Cycle 10",10,3186,"4-1-1","Alloy 617",314626,"Plate"
130.70,0.00006,"Qualified",,68.19,"CapPass","Cycle 10",10,3187,"4-1-1","Alloy 617",314626,"Plate"
133.85,0.00008,"Qualified",,68.21,"CapPass","Cycle 10",10,3188,"4-1-1","Alloy 617",314626,"Plate"
136.93,0.00011,"Qualified",,68.23,"CapPass","Cycle 10",10,3189,"4-1-1","Alloy 617",314626,"Plate"
139.99,0.00013,"Qualified",,68.25,"CapPass","Cycle 10",10,3190,"4-1-1","Alloy 617",314626,"Plate"
142.91,0.00016,"Qualified",,68.27,"CapPass","Cycle 10",10,3191,"4-1-1","Alloy 617",314626,"Plate"
145.61,0.00018,"Qualified",,68.29,"CapPass","Cycle 10",10,3192,"4-1-1","Alloy 617",314626,"Plate"
147.84,0.00021,"Qualified",,68.30,"CapPass","Cycle 10",10,3193,"4-1-1","Alloy 617",314626,"Plate"
149.46,0.00024,"Qualified",,68.32,"CapPass","Cycle 10",10,3194,"4-1-1","Alloy 617",314626,"Plate"
150.71,0.00026,"Qualified",,68.33,"CapPass","Cycle 10",10,3195,"4-1-1","Alloy 617",314626,"Plate"
151.77,0.00029,"Qualified",,68.35,"CapPass","Cycle 10",10,3196,"4-1-1","Alloy 617",314626,"Plate"
152.77,0.00031,"Qualified",,68.36,"CapPass","Cycle 10",10,3197,"4-1-1","Alloy 617",314626,"Plate"
153.76,0.00034,"Qualified",,68.38,"CapPass","Cycle 10",10,3198,"4-1-1","Alloy 617",314626,"Plate"
154.84,0.00036,"Qualified",,68.40,"CapPass","Cycle 10",10,3199,"4-1-1","Alloy 617",314626,"Plate"
155.82,0.00039,"Qualified",,68.45,"CapPass","Cycle 10",10,3200,"4-1-1","Alloy 617",314626,"Plate"
157.77,0.00041,"Qualified",,68.51,"CapPass","Cycle 10",10,3201,"4-1-1","Alloy 617",314626,"Plate"
160.37,0.00044,"Qualified",,68.54,"CapPass","Cycle 10",10,3202,"4-1-1","Alloy 617",314626,"Plate"
162.65,0.00047,"Qualified",,68.57,"CapPass","Cycle 10",10,3203,"4-1-1","Alloy 617",314626,"Plate"
165.04,0.00049,"Qualified",,68.60,"CapPass","Cycle 10",10,3204,"4-1-1","Alloy 617",314626,"Plate"
165.60,0.00052,"Qualified",,68.62,"CapPass","Cycle 10",10,3205,"4-1-1","Alloy 617",314626,"Plate"
164.91,0.00055,"Qualified",,68.63,"CapPass","Cycle 10",10,3206,"4-1-1","Alloy 617",314626,"Plate"
164.80,0.00057,"Qualified",,68.64,"CapPass","Cycle 10",10,3207,"4-1-1","Alloy 617",314626,"Plate"
165.00,0.00061,"Qualified",,68.64,"CapPass","Cycle 10",10,3208,"4-1-1","Alloy 617",314626,"Plate"
165.22,0.00064,"Qualified",,68.64,"CapPass","Cycle 10",10,3209,"4-1-1","Alloy 617",314626,"Plate"
165.41,0.00067,"Qualified",,68.65,"CapPass","Cycle 10",10,3210,"4-1-1","Alloy 617",314626,"Plate"
165.67,0.00069,"Qualified",,68.65,"CapPass","Cycle 10",10,3211,"4-1-1","Alloy 617",314626,"Plate"
166.10,0.00072,"Qualified",,68.65,"CapPass","Cycle 10",10,3212,"4-1-1","Alloy 617",314626,"Plate"
166.61,0.00074,"Qualified",,68.67,"CapPass","Cycle 10",10,3213,"4-1-1","Alloy 617",314626,"Plate"
158.10,0.00072,"Qualified",,68.76,"CapPass","Cycle 10",10,3214,"4-1-1","Alloy 617",314626,"Plate"
158.44,0.00071,"Qualified",,68.86,"CapPass","Cycle 10",10,3215,"4-1-1","Alloy 617",314626,"Plate"
162.69,0.00074,"Qualified",,68.89,"CapPass","Cycle 10",10,3216,"4-1-1","Alloy 617",314626,"Plate"
166.08,0.00077,"Qualified",,68.91,"CapPass","Cycle 10",10,3217,"4-1-1","Alloy 617",314626,"Plate"
169.29,0.00080,"Qualified",,68.93,"CapPass","Cycle 10",10,3218,"4-1-1","Alloy 617",314626,"Plate"
172.62,0.00082,"Qualified",,68.95,"CapPass","Cycle 10",10,3219,"4-1-1","Alloy 617",314626,"Plate"
175.60,0.00085,"Qualified",,68.97,"CapPass","Cycle 10",10,3220,"4-1-1","Alloy 617",314626,"Plate"
176.11,0.00087,"Qualified",,68.98,"CapPass","Cycle 10",10,3221,"4-1-1","Alloy 617",314626,"Plate"
176.28,0.00090,"Qualified",,68.99,"CapPass","Cycle 10",10,3222,"4-1-1","Alloy 617",314626,"Plate"
176.46,0.00093,"Qualified",,68.99,"CapPass","Cycle 10",10,3223,"4-1-1","Alloy 617",314626,"Plate"
176.65,0.00095,"Qualified",,68.99,"CapPass","Cycle 10",10,3224,"4-1-1","Alloy 617",314626,"Plate"
176.81,0.00098,"Qualified",,68.99,"CapPass","Cycle 10",10,3225,"4-1-1","Alloy 617",314626,"Plate"
177.05,0.00101,"Qualified",,69.00,"CapPass","Cycle 10",10,3226,"4-1-1","Alloy 617",314626,"Plate"
177.67,0.00104,"Qualified",,69.00,"CapPass","Cycle 10",10,3227,"4-1-1","Alloy 617",314626,"Plate"
178.13,0.00106,"Qualified",,69.01,"CapPass","Cycle 10",10,3228,"4-1-1","Alloy 617",314626,"Plate"
178.24,0.00109,"Qualified",,69.02,"CapPass","Cycle 10",10,3229,"4-1-1","Alloy 617",314626,"Plate"
177.95,0.00111,"Qualified",,69.04,"CapPass","Cycle 10",10,3230,"4-1-1","Alloy 617",314626,"Plate"
171.74,0.00109,"Qualified",,69.11,"CapPass","Cycle 10",10,3231,"4-1-1","Alloy 617",314626,"Plate"
174.65,0.00111,"Qualified",,69.26,"CapPass","Cycle 10",10,3232,"4-1-1","Alloy 617",314626,"Plate"
177.97,0.00114,"Qualified",,69.28,"CapPass","Cycle 10",10,3233,"4-1-1","Alloy 617",314626,"Plate"
181.08,0.00116,"Qualified",,69.30,"CapPass","Cycle 10",10,3234,"4-1-1","Alloy 617",314626,"Plate"
184.19,0.00119,"Qualified",,69.32,"CapPass","Cycle 10",10,3235,"4-1-1","Alloy 617",314626,"Plate"
182.91,0.00122,"Qualified",,69.33,"CapPass","Cycle 10",10,3236,"4-1-1","Alloy 617",314626,"Plate"
183.70,0.00125,"Qualified",,69.34,"CapPass","Cycle 10",10,3237,"4-1-1","Alloy 617",314626,"Plate"
183.96,0.00127,"Qualified",,69.35,"CapPass","Cycle 10",10,3238,"4-1-1","Alloy 617",314626,"Plate"
179.66,0.00131,"Qualified",,69.35,"CapPass","Cycle 10",10,3239,"4-1-1","Alloy 617",314626,"Plate"
180.05,0.00136,"Qualified",,69.35,"CapPass","Cycle 10",10,3240,"4-1-1","Alloy 617",314626,"Plate"
180.14,0.00139,"Qualified",,69.36,"CapPass","Cycle 10",10,3241,"4-1-1","Alloy 617",314626,"Plate"
180.33,0.00142,"Qualified",,69.36,"CapPass","Cycle 10",10,3242,"4-1-1","Alloy 617",314626,"Plate"
180.43,0.00146,"Qualified",,69.36,"CapPass","Cycle 10",10,3243,"4-1-1","Alloy 617",314626,"Plate"
180.52,0.00149,"Qualified",,69.36,"CapPass","Cycle 10",10,3244,"4-1-1","Alloy 617",314626,"Plate"
180.66,0.00152,"Qualified",,69.36,"CapPass","Cycle 10",10,3245,"4-1-1","Alloy 617",314626,"Plate"
180.81,0.00155,"Qualified",,69.36,"CapPass","Cycle 10",10,3246,"4-1-1","Alloy 617",314626,"Plate"
180.97,0.00158,"Qualified",,69.36,"CapPass","Cycle 10",10,3247,"4-1-1","Alloy 617",314626,"Plate"
181.17,0.00161,"Qualified",,69.36,"CapPass","Cycle 10",10,3248,"4-1-1","Alloy 617",314626,"Plate"
181.98,0.00159,"Qualified",,69.37,"CapPass","Cycle 10",10,3249,"4-1-1","Alloy 617",314626,"Plate"
172.32,0.00156,"Qualified",,69.43,"CapPass","Cycle 10",10,3250,"4-1-1","Alloy 617",314626,"Plate"
168.00,0.00153,"Qualified",,69.44,"CapPass","Cycle 10",10,3251,"4-1-1","Alloy 617",314626,"Plate"
163.93,0.00151,"Qualified",,69.45,"CapPass","Cycle 10",10,3252,"4-1-1","Alloy 617",314626,"Plate"
159.98,0.00148,"Qualified",,69.47,"CapPass","Cycle 10",10,3253,"4-1-1","Alloy 617",314626,"Plate"
156.24,0.00146,"Qualified",,69.48,"CapPass","Cycle 10",10,3254,"4-1-1","Alloy 617",314626,"Plate"
152.65,0.00143,"Qualified",,69.50,"CapPass","Cycle 10",10,3255,"4-1-1","Alloy 617",314626,"Plate"
149.52,0.00141,"Qualified",,69.53,"CapPass","Cycle 10",10,3256,"4-1-1","Alloy 617",314626,"Plate"
155.49,0.00143,"Qualified",,69.61,"CapPass","Cycle 10",10,3257,"4-1-1","Alloy 617",314626,"Plate"
159.51,0.00146,"Qualified",,69.63,"CapPass","Cycle 10",10,3258,"4-1-1","Alloy 617",314626,"Plate"
163.05,0.00148,"Qualified",,69.64,"CapPass","Cycle 10",10,3259,"4-1-1","Alloy 617",314626,"Plate"
166.49,0.00151,"Qualified",,69.66,"CapPass","Cycle 10",10,3260,"4-1-1","Alloy 617",314626,"Plate"
169.83,0.00153,"Qualified",,69.67,"CapPass","Cycle 10",10,3261,"4-1-1","Alloy 617",314626,"Plate"
173.26,0.00156,"Qualified",,69.69,"CapPass","Cycle 10",10,3262,"4-1-1","Alloy 617",314626,"Plate"
176.76,0.00159,"Qualified",,69.70,"CapPass","Cycle 10",10,3263,"4-1-1","Alloy 617",314626,"Plate"
180.13,0.00161,"Qualified",,69.72,"CapPass","Cycle 10",10,3264,"4-1-1","Alloy 617",314626,"Plate"
183.21,0.00164,"Qualified",,69.74,"CapPass","Cycle 10",10,3265,"4-1-1","Alloy 617",314626,"Plate"
186.32,0.00166,"Qualified",,69.76,"CapPass","Cycle 10",10,3266,"4-1-1","Alloy 617",314626,"Plate"
189.40,0.00169,"Qualified",,69.78,"CapPass","Cycle 10",10,3267,"4-1-1","Alloy 617",314626,"Plate"
188.39,0.00171,"Qualified",,69.81,"CapPass","Cycle 10",10,3268,"4-1-1","Alloy 617",314626,"Plate"
189.90,0.00174,"Qualified",,69.82,"CapPass","Cycle 10",10,3269,"4-1-1","Alloy 617",314626,"Plate"
190.49,0.00177,"Qualified",,69.84,"CapPass","Cycle 10",10,3270,"4-1-1","Alloy 617",314626,"Plate"
190.58,0.00180,"Qualified",,69.84,"CapPass","Cycle 10",10,3271,"4-1-1","Alloy 617",314626,"Plate"
190.65,0.00182,"Qualified",,69.84,"CapPass","Cycle 10",10,3272,"4-1-1","Alloy 617",314626,"Plate"
190.71,0.00185,"Qualified",,69.85,"CapPass","Cycle 10",10,3273,"4-1-1","Alloy 617",314626,"Plate"
190.78,0.00188,"Qualified",,69.85,"CapPass","Cycle 10",10,3274,"4-1-1","Alloy 617",314626,"Plate"
190.65,0.00191,"Qualified",,69.85,"CapPass","Cycle 10",10,3275,"4-1-1","Alloy 617",314626,"Plate"
190.33,0.00194,"Qualified",,69.86,"CapPass","Cycle 10",10,3276,"4-1-1","Alloy 617",314626,"Plate"
190.27,0.00194,"Qualified",,69.86,"CapPass","Cycle 10",10,3277,"4-1-1","Alloy 617",314626,"Plate"
190.13,0.00197,"Qualified",,69.86,"CapPass","Cycle 10",10,3278,"4-1-1","Alloy 617",314626,"Plate"
190.07,0.00200,"Qualified",,69.87,"CapPass","Cycle 10",10,3279,"4-1-1","Alloy 617",314626,"Plate"
190.05,0.00203,"Qualified",,69.87,"CapPass","Cycle 10",10,3280,"4-1-1","Alloy 617",314626,"Plate"
189.81,0.00206,"Qualified",,69.88,"CapPass","Cycle 10",10,3281,"4-1-1","Alloy 617",314626,"Plate"
181.52,0.00203,"Qualified",,69.93,"CapPass","Cycle 10",10,3282,"4-1-1","Alloy 617",314626,"Plate"
177.32,0.00200,"Qualified",,69.94,"CapPass","Cycle 10",10,3283,"4-1-1","Alloy 617",314626,"Plate"
173.11,0.00198,"Qualified",,69.96,"CapPass","Cycle 10",10,3284,"4-1-1","Alloy 617",314626,"Plate"
169.43,0.00195,"Qualified",,69.97,"CapPass","Cycle 10",10,3285,"4-1-1","Alloy 617",314626,"Plate"
165.76,0.00193,"Qualified",,69.99,"CapPass","Cycle 10",10,3286,"4-1-1","Alloy 617",314626,"Plate"
162.20,0.00190,"Qualified",,70.03,"CapPass","Cycle 10",10,3287,"4-1-1","Alloy 617",314626,"Plate"
156.52,0.00188,"Qualified",,70.15,"CapPass","Cycle 10",10,3288,"4-1-1","Alloy 617",314626,"Plate"
151.73,0.00185,"Qualified",,70.20,"CapPass","Cycle 10",10,3289,"4-1-1","Alloy 617",314626,"Plate"
147.43,0.00183,"Qualified",,70.22,"CapPass","Cycle 10",10,3290,"4-1-1","Alloy 617",314626,"Plate"
143.32,0.00180,"Qualified",,70.25,"CapPass","Cycle 10",10,3291,"4-1-1","Alloy 617",314626,"Plate"
139.12,0.00177,"Qualified",,70.27,"CapPass","Cycle 10",10,3292,"4-1-1","Alloy 617",314626,"Plate"
135.19,0.00175,"Qualified",,70.30,"CapPass","Cycle 10",10,3293,"4-1-1","Alloy 617",314626,"Plate"
131.30,0.00172,"Qualified",,70.32,"CapPass","Cycle 10",10,3294,"4-1-1","Alloy 617",314626,"Plate"
127.11,0.00170,"Qualified",,70.35,"CapPass","Cycle 10",10,3295,"4-1-1","Alloy 617",314626,"Plate"
123.03,0.00167,"Qualified",,70.37,"CapPass","Cycle 10",10,3296,"4-1-1","Alloy 617",314626,"Plate"
118.93,0.00165,"Qualified",,70.40,"CapPass","Cycle 10",10,3297,"4-1-1","Alloy 617",314626,"Plate"
114.85,0.00162,"Qualified",,70.43,"CapPass","Cycle 10",10,3298,"4-1-1","Alloy 617",314626,"Plate"
110.86,0.00160,"Qualified",,70.45,"CapPass","Cycle 10",10,3299,"4-1-1","Alloy 617",314626,"Plate"
106.66,0.00157,"Qualified",,70.48,"CapPass","Cycle 10",10,3300,"4-1-1","Alloy 617",314626,"Plate"
102.84,0.00154,"Qualified",,70.51,"CapPass","Cycle 10",10,3301,"4-1-1","Alloy 617",314626,"Plate"
98.82,0.00152,"Qualified",,70.54,"CapPass","Cycle 10",10,3302,"4-1-1","Alloy 617",314626,"Plate"
94.86,0.00149,"Qualified",,70.56,"CapPass","Cycle 10",10,3303,"4-1-1","Alloy 617",314626,"Plate"
90.97,0.00147,"Qualified",,70.59,"CapPass","Cycle 10",10,3304,"4-1-1","Alloy 617",314626,"Plate"
87.12,0.00144,"Qualified",,70.62,"CapPass","Cycle 10",10,3305,"4-1-1","Alloy 617",314626,"Plate"
83.31,0.00142,"Qualified",,70.64,"CapPass","Cycle 10",10,3306,"4-1-1","Alloy 617",314626,"Plate"
79.55,0.00139,"Qualified",,70.67,"CapPass","Cycle 10",10,3307,"4-1-1","Alloy 617",314626,"Plate"
75.92,0.00137,"Qualified",,70.70,"CapPass","Cycle 10",10,3308,"4-1-1","Alloy 617",314626,"Plate"
72.21,0.00134,"Qualified",,70.72,"CapPass","Cycle 10",10,3309,"4-1-1","Alloy 617",314626,"Plate"
68.57,0.00131,"Qualified",,70.75,"CapPass","Cycle 10",10,3310,"4-1-1","Alloy 617",314626,"Plate"
64.87,0.00129,"Qualified",,70.78,"CapPass","Cycle 10",10,3311,"4-1-1","Alloy 617",314626,"Plate"
60.91,0.00126,"Qualified",,70.81,"CapPass","Cycle 10",10,3312,"4-1-1","Alloy 617",314626,"Plate"
57.17,0.00124,"Qualified",,70.83,"CapPass","Cycle 10",10,3313,"4-1-1","Alloy 617",314626,"Plate"
53.73,0.00121,"Qualified",,70.86,"CapPass","Cycle 10",10,3314,"4-1-1","Alloy 617",314626,"Plate"
50.24,0.00119,"Qualified",,70.88,"CapPass","Cycle 10",10,3315,"4-1-1","Alloy 617",314626,"Plate"
46.77,0.00116,"Qualified",,70.91,"CapPass","Cycle 10",10,3316,"4-1-1","Alloy 617",314626,"Plate"
43.41,0.00114,"Qualified",,70.94,"CapPass","Cycle 10",10,3317,"4-1-1","Alloy 617",314626,"Plate"
39.71,0.00111,"Qualified",,70.96,"CapPass","Cycle 10",10,3318,"4-1-1","Alloy 617",314626,"Plate"
36.35,0.00109,"Qualified",,70.99,"CapPass","Cycle 10",10,3319,"4-1-1","Alloy 617",314626,"Plate"
32.90,0.00106,"Qualified",,71.02,"CapPass","Cycle 10",10,3320,"4-1-1","Alloy 617",314626,"Plate"
29.26,0.00104,"Qualified",,71.04,"CapPass","Cycle 10",10,3321,"4-1-1","Alloy 617",314626,"Plate"
25.75,0.00101,"Qualified",,71.07,"CapPass","Cycle 10",10,3322,"4-1-1","Alloy 617",314626,"Plate"
22.42,0.00099,"Qualified",,71.10,"CapPass","Cycle 10",10,3323,"4-1-1","Alloy 617",314626,"Plate"
18.94,0.00096,"Qualified",,71.13,"CapPass","Cycle 10",10,3324,"4-1-1","Alloy 617",314626,"Plate"
15.27,0.00093,"Qualified",,71.15,"CapPass","Cycle 10",10,3325,"4-1-1","Alloy 617",314626,"Plate"
11.63,0.00091,"Qualified",,71.18,"CapPass","Cycle 10",10,3326,"4-1-1","Alloy 617",314626,"Plate"
8.19,0.00088,"Qualified",,71.21,"CapPass","Cycle 10",10,3327,"4-1-1","Alloy 617",314626,"Plate"
4.41,0.00086,"Qualified",,71.24,"CapPass","Cycle 10",10,3328,"4-1-1","Alloy 617",314626,"Plate"
0.85,0.00083,"Qualified",,71.27,"CapPass","Cycle 10",10,3329,"4-1-1","Alloy 617",314626,"Plate"
-2.57,0.00081,"Qualified",,71.29,"CapPass","Cycle 10",10,3330,"4-1-1","Alloy 617",314626,"Plate"
-5.93,0.00078,"Qualified",,71.32,"CapPass","Cycle 10",10,3331,"4-1-1","Alloy 617",314626,"Plate"
-9.37,0.00076,"Qualified",,71.34,"CapPass","Cycle 10",10,3332,"4-1-1","Alloy 617",314626,"Plate"
-12.60,0.00073,"Qualified",,71.37,"CapPass","Cycle 10",10,3333,"4-1-1","Alloy 617",314626,"Plate"
-16.08,0.00071,"Qualified",,71.40,"CapPass","Cycle 10",10,3334,"4-1-1","Alloy 617",314626,"Plate"
-19.10,0.00068,"Qualified",,71.43,"CapPass","Cycle 10",10,3335,"4-1-1","Alloy 617",314626,"Plate"
-22.02,0.00066,"Qualified",,71.54,"CapPass","Cycle 10",10,3336,"4-1-1","Alloy 617",314626,"Plate"
-25.79,0.00063,"Qualified",,71.60,"CapPass","Cycle 10",10,3337,"4-1-1","Alloy 617",314626,"Plate"
-29.56,0.00060,"Qualified",,71.64,"CapPass","Cycle 10",10,3338,"4-1-1","Alloy 617",314626,"Plate"
-33.06,0.00058,"Qualified",,71.67,"CapPass","Cycle 10",10,3339,"4-1-1","Alloy 617",314626,"Plate"
-36.64,0.00055,"Qualified",,71.70,"CapPass","Cycle 10",10,3340,"4-1-1","Alloy 617",314626,"Plate"
-40.16,0.00053,"Qualified",,71.72,"CapPass","Cycle 10",10,3341,"4-1-1","Alloy 617",314626,"Plate"
-43.68,0.00050,"Qualified",,71.75,"CapPass","Cycle 10",10,3342,"4-1-1","Alloy 617",314626,"Plate"
-47.57,0.00048,"Qualified",,71.77,"CapPass","Cycle 10",10,3343,"4-1-1","Alloy 617",314626,"Plate"
-51.37,0.00045,"Qualified",,71.79,"CapPass","Cycle 10",10,3344,"4-1-1","Alloy 617",314626,"Plate"
-55.79,0.00043,"Qualified",,71.80,"CapPass","Cycle 10",10,3345,"4-1-1","Alloy 617",314626,"Plate"
-59.23,0.00040,"Qualified",,71.81,"CapPass","Cycle 10",10,3346,"4-1-1","Alloy 617",314626,"Plate"
-62.79,0.00038,"Qualified",,71.83,"CapPass","Cycle 10",10,3347,"4-1-1","Alloy 617",314626,"Plate"
-66.33,0.00035,"Qualified",,71.84,"CapPass","Cycle 10",10,3348,"4-1-1","Alloy 617",314626,"Plate"
-69.83,0.00032,"Qualified",,71.85,"CapPass","Cycle 10",10,3349,"4-1-1","Alloy 617",314626,"Plate"
-70.91,0.00032,"Qualified",,71.86,"CapPass","Cycle 10",10,3350,"4-1-1","Alloy 617",314626,"Plate"
-73.44,0.00030,"Qualified",,71.87,"CapPass","Cycle 10",10,3351,"4-1-1","Alloy 617",314626,"Plate"
-77.05,0.00027,"Qualified",,71.88,"CapPass","Cycle 10",10,3352,"4-1-1","Alloy 617",314626,"Plate"
-80.32,0.00025,"Qualified",,71.90,"CapPass","Cycle 10",10,3353,"4-1-1","Alloy 617",314626,"Plate"
-83.96,0.00022,"Qualified",,71.91,"CapPass","Cycle 10",10,3354,"4-1-1","Alloy 617",314626,"Plate"
-87.29,0.00020,"Qualified",,71.93,"CapPass","Cycle 10",10,3355,"4-1-1","Alloy 617",314626,"Plate"
-90.56,0.00017,"Qualified",,71.94,"CapPass","Cycle 10",10,3356,"4-1-1","Alloy 617",314626,"Plate"
-94.09,0.00014,"Qualified",,71.96,"CapPass","Cycle 10",10,3357,"4-1-1","Alloy 617",314626,"Plate"
-97.24,0.00012,"Qualified",,71.98,"CapPass","Cycle 10",10,3358,"4-1-1","Alloy 617",314626,"Plate"
-100.79,0.00009,"Qualified",,72.00,"CapPass","Cycle 10",10,3359,"4-1-1","Alloy 617",314626,"Plate"
-103.98,0.00007,"Qualified",,72.03,"CapPass","Cycle 10",10,3360,"4-1-1","Alloy 617",314626,"Plate"
-107.25,0.00004,"Qualified",,72.05,"CapPass","Cycle 10",10,3361,"4-1-1","Alloy 617",314626,"Plate"
-110.28,0.00002,"Qualified",,72.07,"CapPass","Cycle 10",10,3362,"4-1-1","Alloy 617",314626,"Plate"
-113.40,-0.00001,"Qualified",,72.09,"CapPass","Cycle 10",10,3363,"4-1-1","Alloy 617",314626,"Plate"
-116.67,-0.00003,"Qualified",,72.12,"CapPass","Cycle 10",10,3364,"4-1-1","Alloy 617",314626,"Plate"
-120.01,-0.00006,"Qualified",,72.15,"CapPass","Cycle 10",10,3365,"4-1-1","Alloy 617",314626,"Plate"
-123.07,-0.00009,"Qualified",,72.18,"CapPass","Cycle 10",10,3366,"4-1-1","Alloy 617",314626,"Plate"
-126.28,-0.00011,"Qualified",,72.20,"CapPass","Cycle 10",10,3367,"4-1-1","Alloy 617",314626,"Plate"
-129.46,-0.00014,"Qualified",,72.23,"CapPass","Cycle 10",10,3368,"4-1-1","Alloy 617",314626,"Plate"
-132.55,-0.00016,"Qualified",,72.26,"CapPass","Cycle 10",10,3369,"4-1-1","Alloy 617",314626,"Plate"
-135.70,-0.00019,"Qualified",,72.28,"CapPass","Cycle 10",10,3370,"4-1-1","Alloy 617",314626,"Plate"
-138.52,-0.00021,"Qualified",,72.31,"CapPass","Cycle 10",10,3371,"4-1-1","Alloy 617",314626,"Plate"
-141.52,-0.00024,"Qualified",,72.33,"CapPass","Cycle 10",10,3372,"4-1-1","Alloy 617",314626,"Plate"
-144.43,-0.00026,"Qualified",,72.36,"CapPass","Cycle 10",10,3373,"4-1-1","Alloy 617",314626,"Plate"
-147.17,-0.00029,"Qualified",,72.38,"CapPass","Cycle 10",10,3374,"4-1-1","Alloy 617",314626,"Plate"
-149.50,-0.00032,"Qualified",,72.41,"CapPass","Cycle 10",10,3375,"4-1-1","Alloy 617",314626,"Plate"
-151.30,-0.00034,"Qualified",,72.42,"CapPass","Cycle 10",10,3376,"4-1-1","Alloy 617",314626,"Plate"
-152.61,-0.00037,"Qualified",,72.44,"CapPass","Cycle 10",10,3377,"4-1-1","Alloy 617",314626,"Plate"
-153.87,-0.00039,"Qualified",,72.46,"CapPass","Cycle 10",10,3378,"4-1-1","Alloy 617",314626,"Plate"
-154.77,-0.00042,"Qualified",,72.47,"CapPass","Cycle 10",10,3379,"4-1-1","Alloy 617",314626,"Plate"
-155.68,-0.00044,"Qualified",,72.49,"CapPass","Cycle 10",10,3380,"4-1-1","Alloy 617",314626,"Plate"
-156.38,-0.00047,"Qualified",,72.50,"CapPass","Cycle 10",10,3381,"4-1-1","Alloy 617",314626,"Plate"
-157.24,-0.00050,"Qualified",,72.54,"CapPass","Cycle 10",10,3382,"4-1-1","Alloy 617",314626,"Plate"
-158.58,-0.00052,"Qualified",,72.60,"CapPass","Cycle 10",10,3383,"4-1-1","Alloy 617",314626,"Plate"
-161.20,-0.00055,"Qualified",,72.65,"CapPass","Cycle 10",10,3384,"4-1-1","Alloy 617",314626,"Plate"
-163.01,-0.00057,"Qualified",,72.67,"CapPass","Cycle 10",10,3385,"4-1-1","Alloy 617",314626,"Plate"
-165.17,-0.00060,"Qualified",,72.70,"CapPass","Cycle 10",10,3386,"4-1-1","Alloy 617",314626,"Plate"
-166.15,-0.00062,"Qualified",,72.71,"CapPass","Cycle 10",10,3387,"4-1-1","Alloy 617",314626,"Plate"
-166.13,-0.00065,"Qualified",,72.72,"CapPass","Cycle 10",10,3388,"4-1-1","Alloy 617",314626,"Plate"
-166.21,-0.00068,"Qualified",,72.73,"CapPass","Cycle 10",10,3389,"4-1-1","Alloy 617",314626,"Plate"
-166.38,-0.00070,"Qualified",,72.74,"CapPass","Cycle 10",10,3390,"4-1-1","Alloy 617",314626,"Plate"
-166.75,-0.00073,"Qualified",,72.75,"CapPass","Cycle 10",10,3391,"4-1-1","Alloy 617",314626,"Plate"
-167.07,-0.00076,"Qualified",,72.75,"CapPass","Cycle 10",10,3392,"4-1-1","Alloy 617",314626,"Plate"
-167.21,-0.00078,"Qualified",,72.77,"CapPass","Cycle 10",10,3393,"4-1-1","Alloy 617",314626,"Plate"
-167.13,-0.00081,"Qualified",,72.78,"CapPass","Cycle 10",10,3394,"4-1-1","Alloy 617",314626,"Plate"
-163.71,-0.00081,"Qualified",,72.86,"CapPass","Cycle 10",10,3395,"4-1-1","Alloy 617",314626,"Plate"
-167.46,-0.00083,"Qualified",,72.97,"CapPass","Cycle 10",10,3396,"4-1-1","Alloy 617",314626,"Plate"
-170.94,-0.00086,"Qualified",,73.00,"CapPass","Cycle 10",10,3397,"4-1-1","Alloy 617",314626,"Plate"
-174.08,-0.00088,"Qualified",,73.02,"CapPass","Cycle 10",10,3398,"4-1-1","Alloy 617",314626,"Plate"
-173.25,-0.00091,"Qualified",,73.04,"CapPass","Cycle 10",10,3399,"4-1-1","Alloy 617",314626,"Plate"
-174.91,-0.00094,"Qualified",,73.05,"CapPass","Cycle 10",10,3400,"4-1-1","Alloy 617",314626,"Plate"
-176.22,-0.00096,"Qualified",,73.06,"CapPass","Cycle 10",10,3401,"4-1-1","Alloy 617",314626,"Plate"
-176.35,-0.00100,"Qualified",,73.07,"CapPass","Cycle 10",10,3402,"4-1-1","Alloy 617",314626,"Plate"
-176.44,-0.00102,"Qualified",,73.07,"CapPass","Cycle 10",10,3403,"4-1-1","Alloy 617",314626,"Plate"
-176.66,-0.00106,"Qualified",,73.07,"CapPass","Cycle 10",10,3404,"4-1-1","Alloy 617",314626,"Plate"
-176.90,-0.00109,"Qualified",,73.08,"CapPass","Cycle 10",10,3405,"4-1-1","Alloy 617",314626,"Plate"
-177.20,-0.00112,"Qualified",,73.08,"CapPass","Cycle 10",10,3406,"4-1-1","Alloy 617",314626,"Plate"
-177.62,-0.00114,"Qualified",,73.09,"CapPass","Cycle 10",10,3407,"4-1-1","Alloy 617",314626,"Plate"
-177.99,-0.00117,"Qualified",,73.09,"CapPass","Cycle 10",10,3408,"4-1-1","Alloy 617",314626,"Plate"
-178.02,-0.00120,"Qualified",,73.11,"CapPass","Cycle 10",10,3409,"4-1-1","Alloy 617",314626,"Plate"
-168.90,-0.00117,"Qualified",,73.19,"CapPass","Cycle 10",10,3410,"4-1-1","Alloy 617",314626,"Plate"
-164.98,-0.00115,"Qualified",,73.23,"CapPass","Cycle 10",10,3411,"4-1-1","Alloy 617",314626,"Plate"
-168.97,-0.00117,"Qualified",,73.33,"CapPass","Cycle 10",10,3412,"4-1-1","Alloy 617",314626,"Plate"
-172.81,-0.00120,"Qualified",,73.35,"CapPass","Cycle 10",10,3413,"4-1-1","Alloy 617",314626,"Plate"
-176.27,-0.00122,"Qualified",,73.38,"CapPass","Cycle 10",10,3414,"4-1-1","Alloy 617",314626,"Plate"
-179.68,-0.00125,"Qualified",,73.39,"CapPass","Cycle 10",10,3415,"4-1-1","Alloy 617",314626,"Plate"
-182.81,-0.00127,"Qualified",,73.41,"CapPass","Cycle 10",10,3416,"4-1-1","Alloy 617",314626,"Plate"
-182.16,-0.00130,"Qualified",,73.43,"CapPass","Cycle 10",10,3417,"4-1-1","Alloy 617",314626,"Plate"
-184.38,-0.00133,"Qualified",,73.45,"CapPass","Cycle 10",10,3418,"4-1-1","Alloy 617",314626,"Plate"
-182.15,-0.00135,"Qualified",,73.46,"CapPass","Cycle 10",10,3419,"4-1-1","Alloy 617",314626,"Plate"
-182.62,-0.00139,"Qualified",,73.47,"CapPass","Cycle 10",10,3420,"4-1-1","Alloy 617",314626,"Plate"
-183.07,-0.00143,"Qualified",,73.47,"CapPass","Cycle 10",10,3421,"4-1-1","Alloy 617",314626,"Plate"
-183.20,-0.00146,"Qualified",,73.47,"CapPass","Cycle 10",10,3422,"4-1-1","Alloy 617",314626,"Plate"
-183.33,-0.00149,"Qualified",,73.47,"CapPass","Cycle 10",10,3423,"4-1-1","Alloy 617",314626,"Plate"
-183.47,-0.00153,"Qualified",,73.47,"CapPass","Cycle 10",10,3424,"4-1-1","Alloy 617",314626,"Plate"
-183.58,-0.00156,"Qualified",,73.47,"CapPass","Cycle 10",10,3425,"4-1-1","Alloy 617",314626,"Plate"
-183.73,-0.00160,"Qualified",,73.47,"CapPass","Cycle 10",10,3426,"4-1-1","Alloy 617",314626,"Plate"
-183.87,-0.00163,"Qualified",,73.47,"CapPass","Cycle 10",10,3427,"4-1-1","Alloy 617",314626,"Plate"
-183.99,-0.00166,"Qualified",,73.48,"CapPass","Cycle 10",10,3428,"4-1-1","Alloy 617",314626,"Plate"
-184.33,-0.00170,"Qualified",,73.48,"CapPass","Cycle 10",10,3429,"4-1-1","Alloy 617",314626,"Plate"
-173.76,-0.00168,"Qualified",,73.55,"CapPass","Cycle 10",10,3430,"4-1-1","Alloy 617",314626,"Plate"
-169.39,-0.00165,"Qualified",,73.56,"CapPass","Cycle 10",10,3431,"4-1-1","Alloy 617",314626,"Plate"
-165.29,-0.00162,"Qualified",,73.58,"CapPass","Cycle 10",10,3432,"4-1-1","Alloy 617",314626,"Plate"
-161.44,-0.00160,"Qualified",,73.59,"CapPass","Cycle 10",10,3433,"4-1-1","Alloy 617",314626,"Plate"
-157.72,-0.00157,"Qualified",,73.60,"CapPass","Cycle 10",10,3434,"4-1-1","Alloy 617",314626,"Plate"
-153.95,-0.00155,"Qualified",,73.62,"CapPass","Cycle 10",10,3435,"4-1-1","Alloy 617",314626,"Plate"
-150.78,-0.00152,"Qualified",,73.64,"CapPass","Cycle 10",10,3436,"4-1-1","Alloy 617",314626,"Plate"
-155.66,-0.00155,"Qualified",,73.73,"CapPass","Cycle 10",10,3437,"4-1-1","Alloy 617",314626,"Plate"
-159.27,-0.00157,"Qualified",,73.75,"CapPass","Cycle 10",10,3438,"4-1-1","Alloy 617",314626,"Plate"
-162.96,-0.00160,"Qualified",,73.76,"CapPass","Cycle 10",10,3439,"4-1-1","Alloy 617",314626,"Plate"
-166.43,-0.00162,"Qualified",,73.78,"CapPass","Cycle 10",10,3440,"4-1-1","Alloy 617",314626,"Plate"
-169.89,-0.00165,"Qualified",,73.79,"CapPass","Cycle 10",10,3441,"4-1-1","Alloy 617",314626,"Plate"
-173.35,-0.00167,"Qualified",,73.81,"CapPass","Cycle 10",10,3442,"4-1-1","Alloy 617",314626,"Plate"
-176.89,-0.00170,"Qualified",,73.83,"CapPass","Cycle 10",10,3443,"4-1-1","Alloy 617",314626,"Plate"
-180.09,-0.00172,"Qualified",,73.84,"CapPass","Cycle 10",10,3444,"4-1-1","Alloy 617",314626,"Plate"
-182.87,-0.00174,"Qualified",,73.86,"CapPass","Cycle 10",10,3445,"4-1-1","Alloy 617",314626,"Plate"
-183.52,-0.00175,"Qualified",,73.86,"CapPass","Cycle 10",10,3446,"4-1-1","Alloy 617",314626,"Plate"
-186.79,-0.00178,"Qualified",,73.88,"CapPass","Cycle 10",10,3447,"4-1-1","Alloy 617",314626,"Plate"
-190.04,-0.00180,"Qualified",,73.91,"CapPass","Cycle 10",10,3448,"4-1-1","Alloy 617",314626,"Plate"
-192.47,-0.00183,"Qualified",,73.93,"CapPass","Cycle 10",10,3449,"4-1-1","Alloy 617",314626,"Plate"
-187.97,-0.00186,"Qualified",,73.94,"CapPass","Cycle 10",10,3450,"4-1-1","Alloy 617",314626,"Plate"
-188.35,-0.00190,"Qualified",,73.94,"CapPass","Cycle 10",10,3451,"4-1-1","Alloy 617",314626,"Plate"
-188.48,-0.00193,"Qualified",,73.94,"CapPass","Cycle 10",10,3452,"4-1-1","Alloy 617",314626,"Plate"
-188.72,-0.00195,"Qualified",,73.95,"CapPass","Cycle 10",10,3453,"4-1-1","Alloy 617",314626,"Plate"
-189.05,-0.00198,"Qualified",,73.95,"CapPass","Cycle 10",10,3454,"4-1-1","Alloy 617",314626,"Plate"
-190.60,-0.00201,"Qualified",,73.98,"CapPass","Cycle 10",10,3455,"4-1-1","Alloy 617",314626,"Plate"
-190.17,-0.00203,"Qualified",,74.00,"CapPass","Cycle 10",10,3456,"4-1-1","Alloy 617",314626,"Plate"
-180.46,-0.00201,"Qualified",,74.08,"CapPass","Cycle 10",10,3457,"4-1-1","Alloy 617",314626,"Plate"
-176.57,-0.00198,"Qualified",,74.09,"CapPass","Cycle 10",10,3458,"4-1-1","Alloy 617",314626,"Plate"
-172.76,-0.00195,"Qualified",,74.11,"CapPass","Cycle 10",10,3459,"4-1-1","Alloy 617",314626,"Plate"
-168.72,-0.00193,"Qualified",,74.13,"CapPass","Cycle 10",10,3460,"4-1-1","Alloy 617",314626,"Plate"
-164.45,-0.00190,"Qualified",,74.14,"CapPass","Cycle 10",10,3461,"4-1-1","Alloy 617",314626,"Plate"
-160.48,-0.00188,"Qualified",,74.16,"CapPass","Cycle 10",10,3462,"4-1-1","Alloy 617",314626,"Plate"
-156.53,-0.00185,"Qualified",,74.18,"CapPass","Cycle 10",10,3463,"4-1-1","Alloy 617",314626,"Plate"
-152.94,-0.00183,"Qualified",,74.20,"CapPass","Cycle 10",10,3464,"4-1-1","Alloy 617",314626,"Plate"
-149.06,-0.00180,"Qualified",,74.22,"CapPass","Cycle 10",10,3465,"4-1-1","Alloy 617",314626,"Plate"
-145.57,-0.00177,"Qualified",,74.24,"CapPass","Cycle 10",10,3466,"4-1-1","Alloy 617",314626,"Plate"
-141.55,-0.00175,"Qualified",,74.27,"CapPass","Cycle 10",10,3467,"4-1-1","Alloy 617",314626,"Plate"
-138.03,-0.00172,"Qualified",,74.29,"CapPass","Cycle 10",10,3468,"4-1-1","Alloy 617",314626,"Plate"
-134.08,-0.00170,"Qualified",,74.32,"CapPass","Cycle 10",10,3469,"4-1-1","Alloy 617",314626,"Plate"
-130.01,-0.00167,"Qualified",,74.36,"CapPass","Cycle 10",10,3470,"4-1-1","Alloy 617",314626,"Plate"
-125.91,-0.00165,"Qualified",,74.39,"CapPass","Cycle 10",10,3471,"4-1-1","Alloy 617",314626,"Plate"
-122.14,-0.00162,"Qualified",,74.42,"CapPass","Cycle 10",10,3472,"4-1-1","Alloy 617",314626,"Plate"
-118.33,-0.00160,"Qualified",,74.44,"CapPass","Cycle 10",10,3473,"4-1-1","Alloy 617",314626,"Plate"
-114.60,-0.00157,"Qualified",,74.47,"CapPass","Cycle 10",10,3474,"4-1-1","Alloy 617",314626,"Plate"
-110.86,-0.00155,"Qualified",,74.50,"CapPass","Cycle 10",10,3475,"4-1-1","Alloy 617",314626,"Plate"
-106.97,-0.00152,"Qualified",,74.53,"CapPass","Cycle 10",10,3476,"4-1-1","Alloy 617",314626,"Plate"
-102.80,-0.00149,"Qualified",,74.55,"CapPass","Cycle 10",10,3477,"4-1-1","Alloy 617",314626,"Plate"
-98.75,-0.00147,"Qualified",,74.58,"CapPass","Cycle 10",10,3478,"4-1-1","Alloy 617",314626,"Plate"
-94.70,-0.00144,"Qualified",,74.61,"CapPass","Cycle 10",10,3479,"4-1-1","Alloy 617",314626,"Plate"
-91.14,-0.00142,"Qualified",,74.64,"CapPass","Cycle 10",10,3480,"4-1-1","Alloy 617",314626,"Plate"
-87.30,-0.00139,"Qualified",,74.66,"CapPass","Cycle 10",10,3481,"4-1-1","Alloy 617",314626,"Plate"
-83.81,-0.00137,"Qualified",,74.69,"CapPass","Cycle 10",10,3482,"4-1-1","Alloy 617",314626,"Plate"
-79.81,-0.00134,"Qualified",,74.71,"CapPass","Cycle 10",10,3483,"4-1-1","Alloy 617",314626,"Plate"
-75.84,-0.00132,"Qualified",,74.74,"CapPass","Cycle 10",10,3484,"4-1-1","Alloy 617",314626,"Plate"
-72.14,-0.00129,"Qualified",,74.77,"CapPass","Cycle 10",10,3485,"4-1-1","Alloy 617",314626,"Plate"
-68.19,-0.00127,"Qualified",,74.80,"CapPass","Cycle 10",10,3486,"4-1-1","Alloy 617",314626,"Plate"
-63.87,-0.00124,"Qualified",,74.83,"CapPass","Cycle 10",10,3487,"4-1-1","Alloy 617",314626,"Plate"
-60.10,-0.00121,"Qualified",,74.86,"CapPass","Cycle 10",10,3488,"4-1-1","Alloy 617",314626,"Plate"
-59.67,-0.00121,"Qualified",,74.86,"CapPass","Cycle 10",10,3489,"4-1-1","Alloy 617",314626,"Plate"
-56.06,-0.00119,"Qualified",,74.88,"CapPass","Cycle 10",10,3490,"4-1-1","Alloy 617",314626,"Plate"
-52.47,-0.00116,"Qualified",,74.91,"CapPass","Cycle 10",10,3491,"4-1-1","Alloy 617",314626,"Plate"
-48.85,-0.00114,"Qualified",,74.93,"CapPass","Cycle 10",10,3492,"4-1-1","Alloy 617",314626,"Plate"
-45.39,-0.00111,"Qualified",,74.96,"CapPass","Cycle 10",10,3493,"4-1-1","Alloy 617",314626,"Plate"
-42.23,-0.00109,"Qualified",,74.98,"CapPass","Cycle 10",10,3494,"4-1-1","Alloy 617",314626,"Plate"
-38.66,-0.00106,"Qualified",,75.01,"CapPass","Cycle 10",10,3495,"4-1-1","Alloy 617",314626,"Plate"
-35.16,-0.00104,"Qualified",,75.04,"CapPass","Cycle 10",10,3496,"4-1-1","Alloy 617",314626,"Plate"
-31.80,-0.00101,"Qualified",,75.06,"CapPass","Cycle 10",10,3497,"4-1-1","Alloy 617",314626,"Plate"
-28.26,-0.00099,"Qualified",,75.09,"CapPass","Cycle 10",10,3498,"4-1-1","Alloy 617",314626,"Plate"
-24.79,-0.00096,"Qualified",,75.12,"CapPass","Cycle 10",10,3499,"4-1-1","Alloy 617",314626,"Plate"
-21.64,-0.00094,"Qualified",,75.14,"CapPass","Cycle 10",10,3500,"4-1-1","Alloy 617",314626,"Plate"
-18.09,-0.00091,"Qualified",,75.17,"CapPass","Cycle 10",10,3501,"4-1-1","Alloy 617",314626,"Plate"
-14.80,-0.00088,"Qualified",,75.19,"CapPass","Cycle 10",10,3502,"4-1-1","Alloy 617",314626,"Plate"
-11.38,-0.00086,"Qualified",,75.22,"CapPass","Cycle 10",10,3503,"4-1-1","Alloy 617",314626,"Plate"
-8.01,-0.00083,"Qualified",,75.25,"CapPass","Cycle 10",10,3504,"4-1-1","Alloy 617",314626,"Plate"
-4.49,-0.00081,"Qualified",,75.28,"CapPass","Cycle 10",10,3505,"4-1-1","Alloy 617",314626,"Plate"
-1.04,-0.00078,"Qualified",,75.31,"CapPass","Cycle 10",10,3506,"4-1-1","Alloy 617",314626,"Plate"
2.72,-0.00076,"Qualified",,75.34,"CapPass","Cycle 10",10,3507,"4-1-1","Alloy 617",314626,"Plate"
6.49,-0.00073,"Qualified",,75.37,"CapPass","Cycle 10",10,3508,"4-1-1","Alloy 617",314626,"Plate"
10.06,-0.00070,"Qualified",,75.39,"CapPass","Cycle 10",10,3509,"4-1-1","Alloy 617",314626,"Plate"
13.46,-0.00068,"Qualified",,75.42,"CapPass","Cycle 10",10,3510,"4-1-1","Alloy 617",314626,"Plate"
16.77,-0.00065,"Qualified",,75.44,"CapPass","Cycle 10",10,3511,"4-1-1","Alloy 617",314626,"Plate"
20.22,-0.00063,"Qualified",,75.47,"CapPass","Cycle 10",10,3512,"4-1-1","Alloy 617",314626,"Plate"
23.89,-0.00060,"Qualified",,75.50,"CapPass","Cycle 10",10,3513,"4-1-1","Alloy 617",314626,"Plate"
26.89,-0.00058,"Qualified",,75.53,"CapPass","Cycle 10",10,3514,"4-1-1","Alloy 617",314626,"Plate"
29.50,-0.00055,"Qualified",,75.58,"CapPass","Cycle 10",10,3515,"4-1-1","Alloy 617",314626,"Plate"
32.61,-0.00053,"Qualified",,75.62,"CapPass","Cycle 10",10,3516,"4-1-1","Alloy 617",314626,"Plate"
36.60,-0.00050,"Qualified",,75.66,"CapPass","Cycle 10",10,3517,"4-1-1","Alloy 617",314626,"Plate"
40.30,-0.00047,"Qualified",,75.68,"CapPass","Cycle 10",10,3518,"4-1-1","Alloy 617",314626,"Plate"
44.12,-0.00045,"Qualified",,75.70,"CapPass","Cycle 10",10,3519,"4-1-1","Alloy 617",314626,"Plate"
47.35,-0.00042,"Qualified",,75.72,"CapPass","Cycle 10",10,3520,"4-1-1","Alloy 617",314626,"Plate"
50.19,-0.00040,"Qualified",,75.74,"CapPass","Cycle 10",10,3521,"4-1-1","Alloy 617",314626,"Plate"
53.11,-0.00037,"Qualified",,75.76,"CapPass","Cycle 10",10,3522,"4-1-1","Alloy 617",314626,"Plate"
56.01,-0.00035,"Qualified",,75.79,"CapPass","Cycle 10",10,3523,"4-1-1","Alloy 617",314626,"Plate"
58.82,-0.00032,"Qualified",,75.82,"CapPass","Cycle 10",10,3524,"4-1-1","Alloy 617",314626,"Plate"
61.78,-0.00030,"Qualified",,75.85,"CapPass","Cycle 10",10,3525,"4-1-1","Alloy 617",314626,"Plate"
62.32,-0.00029,"Qualified",,75.86,"CapPass","Cycle 10",10,3526,"4-1-1","Alloy 617",314626,"Plate"
65.16,-0.00027,"Qualified",,75.89,"CapPass","Cycle 10",10,3527,"4-1-1","Alloy 617",314626,"Plate"
68.71,-0.00024,"Qualified",,75.93,"CapPass","Cycle 10",10,3528,"4-1-1","Alloy 617",314626,"Plate"
71.85,-0.00022,"Qualified",,75.96,"CapPass","Cycle 10",10,3529,"4-1-1","Alloy 617",314626,"Plate"
75.44,-0.00019,"Qualified",,75.99,"CapPass","Cycle 10",10,3530,"4-1-1","Alloy 617",314626,"Plate"
101.58,-0.00021,"Qualified",,148.08,"CapPass","Cycle 20",20,6729,"4-1-1","Alloy 617",314626,"Plate"
104.80,-0.00019,"Qualified",,148.10,"CapPass","Cycle 20",20,6730,"4-1-1","Alloy 617",314626,"Plate"
108.57,-0.00016,"Qualified",,148.13,"CapPass","Cycle 20",20,6731,"4-1-1","Alloy 617",314626,"Plate"
112.00,-0.00013,"Qualified",,148.14,"CapPass","Cycle 20",20,6732,"4-1-1","Alloy 617",314626,"Plate"
115.49,-0.00011,"Qualified",,148.16,"CapPass","Cycle 20",20,6733,"4-1-1","Alloy 617",314626,"Plate"
118.88,-0.00008,"Qualified",,148.18,"CapPass","Cycle 20",20,6734,"4-1-1","Alloy 617",314626,"Plate"
122.17,-0.00006,"Qualified",,148.19,"CapPass","Cycle 20",20,6735,"4-1-1","Alloy 617",314626,"Plate"
125.37,-0.00003,"Qualified",,148.21,"CapPass","Cycle 20",20,6736,"4-1-1","Alloy 617",314626,"Plate"
128.67,-0.00000,"Qualified",,148.23,"CapPass","Cycle 20",20,6737,"4-1-1","Alloy 617",314626,"Plate"
131.84,0.00002,"Qualified",,148.24,"CapPass","Cycle 20",20,6738,"4-1-1","Alloy 617",314626,"Plate"
134.85,0.00005,"Qualified",,148.26,"CapPass","Cycle 20",20,6739,"4-1-1","Alloy 617",314626,"Plate"
138.00,0.00007,"Qualified",,148.28,"CapPass","Cycle 20",20,6740,"4-1-1","Alloy 617",314626,"Plate"
141.03,0.00010,"Qualified",,148.30,"CapPass","Cycle 20",20,6741,"4-1-1","Alloy 617",314626,"Plate"
143.92,0.00012,"Qualified",,148.32,"CapPass","Cycle 20",20,6742,"4-1-1","Alloy 617",314626,"Plate"
147.07,0.00015,"Qualified",,148.34,"CapPass","Cycle 20",20,6743,"4-1-1","Alloy 617",314626,"Plate"
150.29,0.00017,"Qualified",,148.37,"CapPass","Cycle 20",20,6744,"4-1-1","Alloy 617",314626,"Plate"
153.21,0.00020,"Qualified",,148.39,"CapPass","Cycle 20",20,6745,"4-1-1","Alloy 617",314626,"Plate"
155.62,0.00022,"Qualified",,148.41,"CapPass","Cycle 20",20,6746,"4-1-1","Alloy 617",314626,"Plate"
158.06,0.00025,"Qualified",,148.43,"CapPass","Cycle 20",20,6747,"4-1-1","Alloy 617",314626,"Plate"
160.33,0.00028,"Qualified",,148.46,"CapPass","Cycle 20",20,6748,"4-1-1","Alloy 617",314626,"Plate"
162.31,0.00030,"Qualified",,148.48,"CapPass","Cycle 20",20,6749,"4-1-1","Alloy 617",314626,"Plate"
163.69,0.00033,"Qualified",,148.49,"CapPass","Cycle 20",20,6750,"4-1-1","Alloy 617",314626,"Plate"
164.50,0.00036,"Qualified",,148.51,"CapPass","Cycle 20",20,6751,"4-1-1","Alloy 617",314626,"Plate"
164.94,0.00038,"Qualified",,148.52,"CapPass","Cycle 20",20,6752,"4-1-1","Alloy 617",314626,"Plate"
165.37,0.00041,"Qualified",,148.53,"CapPass","Cycle 20",20,6753,"4-1-1","Alloy 617",314626,"Plate"
165.62,0.00043,"Qualified",,148.54,"CapPass","Cycle 20",20,6754,"4-1-1","Alloy 617",314626,"Plate"
165.86,0.00046,"Qualified",,148.54,"CapPass","Cycle 20",20,6755,"4-1-1","Alloy 617",314626,"Plate"
166.10,0.00049,"Qualified",,148.56,"CapPass","Cycle 20",20,6756,"4-1-1","Alloy 617",314626,"Plate"
163.33,0.00051,"Qualified",,148.71,"CapPass","Cycle 20",20,6757,"4-1-1","Alloy 617",314626,"Plate"
166.33,0.00054,"Qualified",,148.75,"CapPass","Cycle 20",20,6758,"4-1-1","Alloy 617",314626,"Plate"
169.42,0.00056,"Qualified",,148.78,"CapPass","Cycle 20",20,6759,"4-1-1","Alloy 617",314626,"Plate"
172.26,0.00059,"Qualified",,148.80,"CapPass","Cycle 20",20,6760,"4-1-1","Alloy 617",314626,"Plate"
175.28,0.00061,"Qualified",,148.82,"CapPass","Cycle 20",20,6761,"4-1-1","Alloy 617",314626,"Plate"
177.51,0.00064,"Qualified",,148.84,"CapPass","Cycle 20",20,6762,"4-1-1","Alloy 617",314626,"Plate"
177.51,0.00067,"Qualified",,148.85,"CapPass","Cycle 20",20,6763,"4-1-1","Alloy 617",314626,"Plate"
177.55,0.00069,"Qualified",,148.86,"CapPass","Cycle 20",20,6764,"4-1-1","Alloy 617",314626,"Plate"
177.52,0.00072,"Qualified",,148.86,"CapPass","Cycle 20",20,6765,"4-1-1","Alloy 617",314626,"Plate"
177.46,0.00072,"Qualified",,148.86,"CapPass","Cycle 20",20,6766,"4-1-1","Alloy 617",314626,"Plate"
177.67,0.00075,"Qualified",,148.87,"CapPass","Cycle 20",20,6767,"4-1-1","Alloy 617",314626,"Plate"
178.40,0.00078,"Qualified",,148.88,"CapPass","Cycle 20",20,6768,"4-1-1","Alloy 617",314626,"Plate"
179.58,0.00080,"Qualified",,148.90,"CapPass","Cycle 20",20,6769,"4-1-1","Alloy 617",314626,"Plate"
179.44,0.00083,"Qualified",,148.96,"CapPass","Cycle 20",20,6770,"4-1-1","Alloy 617",314626,"Plate"
180.20,0.00085,"Qualified",,149.04,"CapPass","Cycle 20",20,6771,"4-1-1","Alloy 617",314626,"Plate"
182.43,0.00088,"Qualified",,149.07,"CapPass","Cycle 20",20,6772,"4-1-1","Alloy 617",314626,"Plate"
185.15,0.00090,"Qualified",,149.11,"CapPass","Cycle 20",20,6773,"4-1-1","Alloy 617",314626,"Plate"
180.98,0.00093,"Qualified",,149.12,"CapPass","Cycle 20",20,6774,"4-1-1","Alloy 617",314626,"Plate"
181.11,0.00097,"Qualified",,149.12,"CapPass","Cycle 20",20,6775,"4-1-1","Alloy 617",314626,"Plate"
181.30,0.00100,"Qualified",,149.12,"CapPass","Cycle 20",20,6776,"4-1-1","Alloy 617",314626,"Plate"
181.40,0.00103,"Qualified",,149.12,"CapPass","Cycle 20",20,6777,"4-1-1","Alloy 617",314626,"Plate"
181.48,0.00107,"Qualified",,149.12,"CapPass","Cycle 20",20,6778,"4-1-1","Alloy 617",314626,"Plate"
181.60,0.00111,"Qualified",,149.12,"CapPass","Cycle 20",20,6779,"4-1-1","Alloy 617",314626,"Plate"
181.67,0.00116,"Qualified",,149.12,"CapPass","Cycle 20",20,6780,"4-1-1","Alloy 617",314626,"Plate"
181.76,0.00120,"Qualified",,149.13,"CapPass","Cycle 20",20,6781,"4-1-1","Alloy 617",314626,"Plate"
181.89,0.00125,"Qualified",,149.13,"CapPass","Cycle 20",20,6782,"4-1-1","Alloy 617",314626,"Plate"
182.03,0.00128,"Qualified",,149.13,"CapPass","Cycle 20",20,6783,"4-1-1","Alloy 617",314626,"Plate"
182.16,0.00131,"Qualified",,149.13,"CapPass","Cycle 20",20,6784,"4-1-1","Alloy 617",314626,"Plate"
182.35,0.00135,"Qualified",,149.13,"CapPass","Cycle 20",20,6785,"4-1-1","Alloy 617",314626,"Plate"
182.90,0.00133,"Qualified",,149.14,"CapPass","Cycle 20",20,6786,"4-1-1","Alloy 617",314626,"Plate"
174.90,0.00130,"Qualified",,149.18,"CapPass","Cycle 20",20,6787,"4-1-1","Alloy 617",314626,"Plate"
170.60,0.00127,"Qualified",,149.19,"CapPass","Cycle 20",20,6788,"4-1-1","Alloy 617",314626,"Plate"
166.49,0.00125,"Qualified",,149.20,"CapPass","Cycle 20",20,6789,"4-1-1","Alloy 617",314626,"Plate"
162.74,0.00122,"Qualified",,149.21,"CapPass","Cycle 20",20,6790,"4-1-1","Alloy 617",314626,"Plate"
159.07,0.00120,"Qualified",,149.22,"CapPass","Cycle 20",20,6791,"4-1-1","Alloy 617",314626,"Plate"
155.09,0.00117,"Qualified",,149.24,"CapPass","Cycle 20",20,6792,"4-1-1","Alloy 617",314626,"Plate"
151.46,0.00114,"Qualified",,149.25,"CapPass","Cycle 20",20,6793,"4-1-1","Alloy 617",314626,"Plate"
147.95,0.00112,"Qualified",,149.26,"CapPass","Cycle 20",20,6794,"4-1-1","Alloy 617",314626,"Plate"
144.64,0.00109,"Qualified",,149.28,"CapPass","Cycle 20",20,6795,"4-1-1","Alloy 617",314626,"Plate"
151.06,0.00112,"Qualified",,149.38,"CapPass","Cycle 20",20,6796,"4-1-1","Alloy 617",314626,"Plate"
154.91,0.00114,"Qualified",,149.40,"CapPass","Cycle 20",20,6797,"4-1-1","Alloy 617",314626,"Plate"
158.70,0.00117,"Qualified",,149.42,"CapPass","Cycle 20",20,6798,"4-1-1","Alloy 617",314626,"Plate"
162.20,0.00119,"Qualified",,149.43,"CapPass","Cycle 20",20,6799,"4-1-1","Alloy 617",314626,"Plate"
165.88,0.00122,"Qualified",,149.45,"CapPass","Cycle 20",20,6800,"4-1-1","Alloy 617",314626,"Plate"
169.10,0.00125,"Qualified",,149.46,"CapPass","Cycle 20",20,6801,"4-1-1","Alloy 617",314626,"Plate"
172.49,0.00127,"Qualified",,149.48,"CapPass","Cycle 20",20,6802,"4-1-1","Alloy 617",314626,"Plate"
175.96,0.00130,"Qualified",,149.50,"CapPass","Cycle 20",20,6803,"4-1-1","Alloy 617",314626,"Plate"
179.20,0.00132,"Qualified",,149.51,"CapPass","Cycle 20",20,6804,"4-1-1","Alloy 617",314626,"Plate"
182.38,0.00135,"Qualified",,149.54,"CapPass","Cycle 20",20,6805,"4-1-1","Alloy 617",314626,"Plate"
185.09,0.00137,"Qualified",,149.56,"CapPass","Cycle 20",20,6806,"4-1-1","Alloy 617",314626,"Plate"
187.92,0.00140,"Qualified",,149.58,"CapPass","Cycle 20",20,6807,"4-1-1","Alloy 617",314626,"Plate"
190.69,0.00143,"Qualified",,149.61,"CapPass","Cycle 20",20,6808,"4-1-1","Alloy 617",314626,"Plate"
193.20,0.00145,"Qualified",,149.64,"CapPass","Cycle 20",20,6809,"4-1-1","Alloy 617",314626,"Plate"
192.68,0.00148,"Qualified",,149.65,"CapPass","Cycle 20",20,6810,"4-1-1","Alloy 617",314626,"Plate"
192.89,0.00150,"Qualified",,149.65,"CapPass","Cycle 20",20,6811,"4-1-1","Alloy 617",314626,"Plate"
193.12,0.00154,"Qualified",,149.66,"CapPass","Cycle 20",20,6812,"4-1-1","Alloy 617",314626,"Plate"
193.26,0.00157,"Qualified",,149.66,"CapPass","Cycle 20",20,6813,"4-1-1","Alloy 617",314626,"Plate"
193.49,0.00160,"Qualified",,149.66,"CapPass","Cycle 20",20,6814,"4-1-1","Alloy 617",314626,"Plate"
194.35,0.00162,"Qualified",,149.68,"CapPass","Cycle 20",20,6815,"4-1-1","Alloy 617",314626,"Plate"
194.34,0.00165,"Qualified",,149.69,"CapPass","Cycle 20",20,6816,"4-1-1","Alloy 617",314626,"Plate"
188.03,0.00164,"Qualified",,149.86,"CapPass","Cycle 20",20,6817,"4-1-1","Alloy 617",314626,"Plate"
192.71,0.00167,"Qualified",,149.91,"CapPass","Cycle 20",20,6818,"4-1-1","Alloy 617",314626,"Plate"
196.14,0.00170,"Qualified",,149.93,"CapPass","Cycle 20",20,6819,"4-1-1","Alloy 617",314626,"Plate"
198.93,0.00172,"Qualified",,149.95,"CapPass","Cycle 20",20,6820,"4-1-1","Alloy 617",314626,"Plate"
194.92,0.00175,"Qualified",,149.96,"CapPass","Cycle 20",20,6821,"4-1-1","Alloy 617",314626,"Plate"
196.44,0.00178,"Qualified",,149.98,"CapPass","Cycle 20",20,6822,"4-1-1","Alloy 617",314626,"Plate"
196.98,0.00180,"Qualified",,149.99,"CapPass","Cycle 20",20,6823,"4-1-1","Alloy 617",314626,"Plate"
197.75,0.00183,"Qualified",,150.00,"CapPass","Cycle 20",20,6824,"4-1-1","Alloy 617",314626,"Plate"
199.69,0.00185,"Qualified",,150.02,"CapPass","Cycle 20",20,6825,"4-1-1","Alloy 617",314626,"Plate"
199.93,0.00188,"Qualified",,150.03,"CapPass","Cycle 20",20,6826,"4-1-1","Alloy 617",314626,"Plate"
199.90,0.00191,"Qualified",,150.04,"CapPass","Cycle 20",20,6827,"4-1-1","Alloy 617",314626,"Plate"
199.91,0.00193,"Qualified",,150.04,"CapPass","Cycle 20",20,6828,"4-1-1","Alloy 617",314626,"Plate"
200.12,0.00196,"Qualified",,150.05,"CapPass","Cycle 20",20,6829,"4-1-1","Alloy 617",314626,"Plate"
200.53,0.00199,"Qualified",,150.05,"CapPass","Cycle 20",20,6830,"4-1-1","Alloy 617",314626,"Plate"
200.84,0.00201,"Qualified",,150.09,"CapPass","Cycle 20",20,6831,"4-1-1","Alloy 617",314626,"Plate"
192.43,0.00199,"Qualified",,150.17,"CapPass","Cycle 20",20,6832,"4-1-1","Alloy 617",314626,"Plate"
188.04,0.00196,"Qualified",,150.19,"CapPass","Cycle 20",20,6833,"4-1-1","Alloy 617",314626,"Plate"
183.63,0.00193,"Qualified",,150.21,"CapPass","Cycle 20",20,6834,"4-1-1","Alloy 617",314626,"Plate"
179.21,0.00191,"Qualified",,150.23,"CapPass","Cycle 20",20,6835,"4-1-1","Alloy 617",314626,"Plate"
175.15,0.00188,"Qualified",,150.25,"CapPass","Cycle 20",20,6836,"4-1-1","Alloy 617",314626,"Plate"
171.17,0.00186,"Qualified",,150.27,"CapPass","Cycle 20",20,6837,"4-1-1","Alloy 617",314626,"Plate"
167.46,0.00183,"Qualified",,150.29,"CapPass","Cycle 20",20,6838,"4-1-1","Alloy 617",314626,"Plate"
163.62,0.00181,"Qualified",,150.31,"CapPass","Cycle 20",20,6839,"4-1-1","Alloy 617",314626,"Plate"
159.70,0.00178,"Qualified",,150.33,"CapPass","Cycle 20",20,6840,"4-1-1","Alloy 617",314626,"Plate"
155.64,0.00175,"Qualified",,150.36,"CapPass","Cycle 20",20,6841,"4-1-1","Alloy 617",314626,"Plate"
151.39,0.00173,"Qualified",,150.38,"CapPass","Cycle 20",20,6842,"4-1-1","Alloy 617",314626,"Plate"
147.67,0.00170,"Qualified",,150.41,"CapPass","Cycle 20",20,6843,"4-1-1","Alloy 617",314626,"Plate"
143.51,0.00168,"Qualified",,150.44,"CapPass","Cycle 20",20,6844,"4-1-1","Alloy 617",314626,"Plate"
139.33,0.00165,"Qualified",,150.47,"CapPass","Cycle 20",20,6845,"4-1-1","Alloy 617",314626,"Plate"
135.42,0.00163,"Qualified",,150.50,"CapPass","Cycle 20",20,6846,"4-1-1","Alloy 617",314626,"Plate"
131.36,0.00160,"Qualified",,150.53,"CapPass","Cycle 20",20,6847,"4-1-1","Alloy 617",314626,"Plate"
127.37,0.00158,"Qualified",,150.56,"CapPass","Cycle 20",20,6848,"4-1-1","Alloy 617",314626,"Plate"
123.53,0.00155,"Qualified",,150.58,"CapPass","Cycle 20",20,6849,"4-1-1","Alloy 617",314626,"Plate"
119.43,0.00153,"Qualified",,150.61,"CapPass","Cycle 20",20,6850,"4-1-1","Alloy 617",314626,"Plate"
115.39,0.00150,"Qualified",,150.64,"CapPass","Cycle 20",20,6851,"4-1-1","Alloy 617",314626,"Plate"
111.68,0.00148,"Qualified",,150.67,"CapPass","Cycle 20",20,6852,"4-1-1","Alloy 617",314626,"Plate"
107.97,0.00145,"Qualified",,150.69,"CapPass","Cycle 20",20,6853,"4-1-1","Alloy 617",314626,"Plate"
104.24,0.00142,"Qualified",,150.72,"CapPass","Cycle 20",20,6854,"4-1-1","Alloy 617",314626,"Plate"
100.46,0.00140,"Qualified",,150.74,"CapPass","Cycle 20",20,6855,"4-1-1","Alloy 617",314626,"Plate"
96.59,0.00137,"Qualified",,150.77,"CapPass","Cycle 20",20,6856,"4-1-1","Alloy 617",314626,"Plate"
92.73,0.00135,"Qualified",,150.80,"CapPass","Cycle 20",20,6857,"4-1-1","Alloy 617",314626,"Plate"
88.95,0.00132,"Qualified",,150.83,"CapPass","Cycle 20",20,6858,"4-1-1","Alloy 617",314626,"Plate"
85.07,0.00130,"Qualified",,150.85,"CapPass","Cycle 20",20,6859,"4-1-1","Alloy 617",314626,"Plate"
84.43,0.00129,"Qualified",,150.86,"CapPass","Cycle 20",20,6860,"4-1-1","Alloy 617",314626,"Plate"
81.12,0.00127,"Qualified",,150.88,"CapPass","Cycle 20",20,6861,"4-1-1","Alloy 617",314626,"Plate"
77.20,0.00125,"Qualified",,150.91,"CapPass","Cycle 20",20,6862,"4-1-1","Alloy 617",314626,"Plate"
73.32,0.00122,"Qualified",,150.94,"CapPass","Cycle 20",20,6863,"4-1-1","Alloy 617",314626,"Plate"
69.61,0.00120,"Qualified",,150.97,"CapPass","Cycle 20",20,6864,"4-1-1","Alloy 617",314626,"Plate"
65.99,0.00117,"Qualified",,150.99,"CapPass","Cycle 20",20,6865,"4-1-1","Alloy 617",314626,"Plate"
61.97,0.00114,"Qualified",,151.02,"CapPass","Cycle 20",20,6866,"4-1-1","Alloy 617",314626,"Plate"
57.90,0.00112,"Qualified",,151.05,"CapPass","Cycle 20",20,6867,"4-1-1","Alloy 617",314626,"Plate"
53.98,0.00109,"Qualified",,151.08,"CapPass","Cycle 20",20,6868,"4-1-1","Alloy 617",314626,"Plate"
50.19,0.00107,"Qualified",,151.10,"CapPass","Cycle 20",20,6869,"4-1-1","Alloy 617",314626,"Plate"
46.54,0.00104,"Qualified",,151.13,"CapPass","Cycle 20",20,6870,"4-1-1","Alloy 617",314626,"Plate"
42.82,0.00102,"Qualified",,151.15,"CapPass","Cycle 20",20,6871,"4-1-1","Alloy 617",314626,"Plate"
39.23,0.00099,"Qualified",,151.18,"CapPass","Cycle 20",20,6872,"4-1-1","Alloy 617",314626,"Plate"
35.89,0.00097,"Qualified",,151.20,"CapPass","Cycle 20",20,6873,"4-1-1","Alloy 617",314626,"Plate"
32.54,0.00094,"Qualified",,151.23,"CapPass","Cycle 20",20,6874,"4-1-1","Alloy 617",314626,"Plate"
28.03,0.00092,"Qualified",,151.26,"CapPass","Cycle 20",20,6875,"4-1-1","Alloy 617",314626,"Plate"
24.67,0.00089,"Qualified",,151.29,"CapPass","Cycle 20",20,6876,"4-1-1","Alloy 617",314626,"Plate"
21.38,0.00086,"Qualified",,151.31,"CapPass","Cycle 20",20,6877,"4-1-1","Alloy 617",314626,"Plate"
18.04,0.00084,"Qualified",,151.34,"CapPass","Cycle 20",20,6878,"4-1-1","Alloy 617",314626,"Plate"
14.77,0.00081,"Qualified",,151.36,"CapPass","Cycle 20",20,6879,"4-1-1","Alloy 617",314626,"Plate"
10.75,0.00079,"Qualified",,151.39,"CapPass","Cycle 20",20,6880,"4-1-1","Alloy 617",314626,"Plate"
6.14,0.00076,"Qualified",,151.43,"CapPass","Cycle 20",20,6881,"4-1-1","Alloy 617",314626,"Plate"
2.56,0.00074,"Qualified",,151.46,"CapPass","Cycle 20",20,6882,"4-1-1","Alloy 617",314626,"Plate"
-0.44,0.00071,"Qualified",,151.48,"CapPass","Cycle 20",20,6883,"4-1-1","Alloy 617",314626,"Plate"
-4.15,0.00069,"Qualified",,151.50,"CapPass","Cycle 20",20,6884,"4-1-1","Alloy 617",314626,"Plate"
-7.96,0.00066,"Qualified",,151.53,"CapPass","Cycle 20",20,6885,"4-1-1","Alloy 617",314626,"Plate"
-11.48,0.00063,"Qualified",,151.56,"CapPass","Cycle 20",20,6886,"4-1-1","Alloy 617",314626,"Plate"
-14.58,0.00061,"Qualified",,151.58,"CapPass","Cycle 20",20,6887,"4-1-1","Alloy 617",314626,"Plate"
-18.68,0.00058,"Qualified",,151.62,"CapPass","Cycle 20",20,6888,"4-1-1","Alloy 617",314626,"Plate"
-21.84,0.00056,"Qualified",,151.67,"CapPass","Cycle 20",20,6889,"4-1-1","Alloy 617",314626,"Plate"
-25.79,0.00053,"Qualified",,151.79,"CapPass","Cycle 20",20,6890,"4-1-1","Alloy 617",314626,"Plate"
-29.10,0.00051,"Qualified",,151.82,"CapPass","Cycle 20",20,6891,"4-1-1","Alloy 617",314626,"Plate"
-32.11,0.00048,"Qualified",,151.85,"CapPass","Cycle 20",20,6892,"4-1-1","Alloy 617",314626,"Plate"
-33.09,0.00048,"Qualified",,151.86,"CapPass","Cycle 20",20,6893,"4-1-1","Alloy 617",314626,"Plate"
-35.57,0.00046,"Qualified",,151.88,"CapPass","Cycle 20",20,6894,"4-1-1","Alloy 617",314626,"Plate"
-39.22,0.00043,"Qualified",,151.91,"CapPass","Cycle 20",20,6895,"4-1-1","Alloy 617",314626,"Plate"
-42.26,0.00041,"Qualified",,151.93,"CapPass","Cycle 20",20,6896,"4-1-1","Alloy 617",314626,"Plate"
-46.50,0.00038,"Qualified",,151.96,"CapPass","Cycle 20",20,6897,"4-1-1","Alloy 617",314626,"Plate"
-51.01,0.00036,"Qualified",,151.98,"CapPass","Cycle 20",20,6898,"4-1-1","Alloy 617",314626,"Plate"
-55.32,0.00033,"Qualified",,152.00,"CapPass","Cycle 20",20,6899,"4-1-1","Alloy 617",314626,"Plate"
-59.13,0.00030,"Qualified",,152.01,"CapPass","Cycle 20",20,6900,"4-1-1","Alloy 617",314626,"Plate"
-62.54,0.00028,"Qualified",,152.02,"CapPass","Cycle 20",20,6901,"4-1-1","Alloy 617",314626,"Plate"
-65.91,0.00025,"Qualified",,152.04,"CapPass","Cycle 20",20,6902,"4-1-1","Alloy 617",314626,"Plate"
-69.21,0.00023,"Qualified",,152.05,"CapPass","Cycle 20",20,6903,"4-1-1","Alloy 617",314626,"Plate"
-72.87,0.00020,"Qualified",,152.06,"CapPass","Cycle 20",20,6904,"4-1-1","Alloy 617",314626,"Plate"
-76.38,0.00018,"Qualified",,152.08,"CapPass","Cycle 20",20,6905,"4-1-1","Alloy 617",314626,"Plate"
-79.71,0.00015,"Qualified",,152.09,"CapPass","Cycle 20",20,6906,"4-1-1","Alloy 617",314626,"Plate"
-83.20,0.00013,"Qualified",,152.10,"CapPass","Cycle 20",20,6907,"4-1-1","Alloy 617",314626,"Plate"
-86.50,0.00010,"Qualified",,152.12,"CapPass","Cycle 20",20,6908,"4-1-1","Alloy 617",314626,"Plate"
-89.72,0.00007,"Qualified",,152.13,"CapPass","Cycle 20",20,6909,"4-1-1","Alloy 617",314626,"Plate"
-93.00,0.00005,"Qualified",,152.15,"CapPass","Cycle 20",20,6910,"4-1-1","Alloy 617",314626,"Plate"
-96.41,0.00002,"Qualified",,152.17,"CapPass","Cycle 20",20,6911,"4-1-1","Alloy 617",314626,"Plate"
-99.63,-0.00000,"Qualified",,152.19,"CapPass","Cycle 20",20,6912,"4-1-1","Alloy 617",314626,"Plate"
-102.71,-0.00003,"Qualified",,152.21,"CapPass","Cycle 20",20,6913,"4-1-1","Alloy 617",314626,"Plate"
-105.90,-0.00005,"Qualified",,152.23,"CapPass","Cycle 20",20,6914,"4-1-1","Alloy 617",314626,"Plate"
-108.81,-0.00008,"Qualified",,152.25,"CapPass","Cycle 20",20,6915,"4-1-1","Alloy 617",314626,"Plate"
-111.77,-0.00011,"Qualified",,152.28,"CapPass","Cycle 20",20,6916,"4-1-1","Alloy 617",314626,"Plate"
-114.97,-0.00013,"Qualified",,152.30,"CapPass","Cycle 20",20,6917,"4-1-1","Alloy 617",314626,"Plate"
-118.42,-0.00016,"Qualified",,152.33,"CapPass","Cycle 20",20,6918,"4-1-1","Alloy 617",314626,"Plate"
-121.44,-0.00018,"Qualified",,152.36,"CapPass","Cycle 20",20,6919,"4-1-1","Alloy 617",314626,"Plate"
-124.47,-0.00021,"Qualified",,152.39,"CapPass","Cycle 20",20,6920,"4-1-1","Alloy 617",314626,"Plate"
-127.52,-0.00023,"Qualified",,152.41,"CapPass","Cycle 20",20,6921,"4-1-1","Alloy 617",314626,"Plate"
-130.46,-0.00026,"Qualified",,152.44,"CapPass","Cycle 20",20,6922,"4-1-1","Alloy 617",314626,"Plate"
-133.91,-0.00028,"Qualified",,152.47,"CapPass","Cycle 20",20,6923,"4-1-1","Alloy 617",314626,"Plate"
-137.17,-0.00031,"Qualified",,152.50,"CapPass","Cycle 20",20,6924,"4-1-1","Alloy 617",314626,"Plate"
-140.39,-0.00033,"Qualified",,152.52,"CapPass","Cycle 20",20,6925,"4-1-1","Alloy 617",314626,"Plate"
-143.15,-0.00036,"Qualified",,152.55,"CapPass","Cycle 20",20,6926,"4-1-1","Alloy 617",314626,"Plate"
-146.26,-0.00039,"Qualified",,152.57,"CapPass","Cycle 20",20,6927,"4-1-1","Alloy 617",314626,"Plate"
-149.27,-0.00041,"Qualified",,152.60,"CapPass","Cycle 20",20,6928,"4-1-1","Alloy 617",314626,"Plate"
-152.06,-0.00044,"Qualified",,152.62,"CapPass","Cycle 20",20,6929,"4-1-1","Alloy 617",314626,"Plate"
-155.12,-0.00046,"Qualified",,152.65,"CapPass","Cycle 20",20,6930,"4-1-1","Alloy 617",314626,"Plate"
-158.06,-0.00049,"Qualified",,152.67,"CapPass","Cycle 20",20,6931,"4-1-1","Alloy 617",314626,"Plate"
-161.20,-0.00051,"Qualified",,152.70,"CapPass","Cycle 20",20,6932,"4-1-1","Alloy 617",314626,"Plate"
-163.51,-0.00054,"Qualified",,152.73,"CapPass","Cycle 20",20,6933,"4-1-1","Alloy 617",314626,"Plate"
-164.47,-0.00057,"Qualified",,152.75,"CapPass","Cycle 20",20,6934,"4-1-1","Alloy 617",314626,"Plate"
-165.27,-0.00059,"Qualified",,152.76,"CapPass","Cycle 20",20,6935,"4-1-1","Alloy 617",314626,"Plate"
-166.29,-0.00062,"Qualified",,152.77,"CapPass","Cycle 20",20,6936,"4-1-1","Alloy 617",314626,"Plate"
-167.27,-0.00064,"Qualified",,152.78,"CapPass","Cycle 20",20,6937,"4-1-1","Alloy 617",314626,"Plate"
-167.91,-0.00067,"Qualified",,152.80,"CapPass","Cycle 20",20,6938,"4-1-1","Alloy 617",314626,"Plate"
-168.47,-0.00069,"Qualified",,152.81,"CapPass","Cycle 20",20,6939,"4-1-1","Alloy 617",314626,"Plate"
-169.31,-0.00072,"Qualified",,152.83,"CapPass","Cycle 20",20,6940,"4-1-1","Alloy 617",314626,"Plate"
-169.55,-0.00073,"Qualified",,152.86,"CapPass","Cycle 20",20,6941,"4-1-1","Alloy 617",314626,"Plate"
-169.57,-0.00074,"Qualified",,152.88,"CapPass","Cycle 20",20,6942,"4-1-1","Alloy 617",314626,"Plate"
-170.58,-0.00077,"Qualified",,152.95,"CapPass","Cycle 20",20,6943,"4-1-1","Alloy 617",314626,"Plate"
-173.17,-0.00079,"Qualified",,152.99,"CapPass","Cycle 20",20,6944,"4-1-1","Alloy 617",314626,"Plate"
-176.06,-0.00082,"Qualified",,153.03,"CapPass","Cycle 20",20,6945,"4-1-1","Alloy 617",314626,"Plate"
-178.75,-0.00085,"Qualified",,153.05,"CapPass","Cycle 20",20,6946,"4-1-1","Alloy 617",314626,"Plate"
-181.02,-0.00087,"Qualified",,153.07,"CapPass","Cycle 20",20,6947,"4-1-1","Alloy 617",314626,"Plate"
-179.13,-0.00090,"Qualified",,153.09,"CapPass","Cycle 20",20,6948,"4-1-1","Alloy 617",314626,"Plate"
-179.18,-0.00093,"Qualified",,153.09,"CapPass","Cycle 20",20,6949,"4-1-1","Alloy 617",314626,"Plate"
-179.35,-0.00096,"Qualified",,153.09,"CapPass","Cycle 20",20,6950,"4-1-1","Alloy 617",314626,"Plate"
-179.46,-0.00100,"Qualified",,153.09,"CapPass","Cycle 20",20,6951,"4-1-1","Alloy 617",314626,"Plate"
-179.63,-0.00104,"Qualified",,153.10,"CapPass","Cycle 20",20,6952,"4-1-1","Alloy 617",314626,"Plate"
-179.80,-0.00108,"Qualified",,153.10,"CapPass","Cycle 20",20,6953,"4-1-1","Alloy 617",314626,"Plate"
-179.98,-0.00111,"Qualified",,153.10,"CapPass","Cycle 20",20,6954,"4-1-1","Alloy 617",314626,"Plate"
-180.29,-0.00113,"Qualified",,153.10,"CapPass","Cycle 20",20,6955,"4-1-1","Alloy 617",314626,"Plate"
-179.61,-0.00116,"Qualified",,153.13,"CapPass","Cycle 20",20,6956,"4-1-1","Alloy 617",314626,"Plate"
-169.30,-0.00113,"Qualified",,153.19,"CapPass","Cycle 20",20,6957,"4-1-1","Alloy 617",314626,"Plate"
-165.31,-0.00111,"Qualified",,153.21,"CapPass","Cycle 20",20,6958,"4-1-1","Alloy 617",314626,"Plate"
-161.44,-0.00108,"Qualified",,153.23,"CapPass","Cycle 20",20,6959,"4-1-1","Alloy 617",314626,"Plate"
-165.38,-0.00111,"Qualified",,153.36,"CapPass","Cycle 20",20,6960,"4-1-1","Alloy 617",314626,"Plate"
-168.89,-0.00114,"Qualified",,153.38,"CapPass","Cycle 20",20,6961,"4-1-1","Alloy 617",314626,"Plate"
-172.47,-0.00116,"Qualified",,153.40,"CapPass","Cycle 20",20,6962,"4-1-1","Alloy 617",314626,"Plate"
-175.80,-0.00119,"Qualified",,153.42,"CapPass","Cycle 20",20,6963,"4-1-1","Alloy 617",314626,"Plate"
-178.82,-0.00121,"Qualified",,153.43,"CapPass","Cycle 20",20,6964,"4-1-1","Alloy 617",314626,"Plate"
-181.73,-0.00124,"Qualified",,153.45,"CapPass","Cycle 20",20,6965,"4-1-1","Alloy 617",314626,"Plate"
-185.06,-0.00126,"Qualified",,153.47,"CapPass","Cycle 20",20,6966,"4-1-1","Alloy 617",314626,"Plate"
-185.98,-0.00129,"Qualified",,153.49,"CapPass","Cycle 20",20,6967,"4-1-1","Alloy 617",314626,"Plate"
-186.95,-0.00132,"Qualified",,153.50,"CapPass","Cycle 20",20,6968,"4-1-1","Alloy 617",314626,"Plate"
-187.06,-0.00134,"Qualified",,153.51,"CapPass","Cycle 20",20,6969,"4-1-1","Alloy 617",314626,"Plate"
-186.11,-0.00137,"Qualified",,153.52,"CapPass","Cycle 20",20,6970,"4-1-1","Alloy 617",314626,"Plate"
-187.05,-0.00140,"Qualified",,153.53,"CapPass","Cycle 20",20,6971,"4-1-1","Alloy 617",314626,"Plate"
-188.85,-0.00142,"Qualified",,153.55,"CapPass","Cycle 20",20,6972,"4-1-1","Alloy 617",314626,"Plate"
-190.62,-0.00145,"Qualified",,153.60,"CapPass","Cycle 20",20,6973,"4-1-1","Alloy 617",314626,"Plate"
-192.49,-0.00147,"Qualified",,153.67,"CapPass","Cycle 20",20,6974,"4-1-1","Alloy 617",314626,"Plate"
-193.26,-0.00150,"Qualified",,153.71,"CapPass","Cycle 20",20,6975,"4-1-1","Alloy 617",314626,"Plate"
-192.00,-0.00153,"Qualified",,153.72,"CapPass","Cycle 20",20,6976,"4-1-1","Alloy 617",314626,"Plate"
-192.19,-0.00156,"Qualified",,153.72,"CapPass","Cycle 20",20,6977,"4-1-1","Alloy 617",314626,"Plate"
-192.34,-0.00160,"Qualified",,153.72,"CapPass","Cycle 20",20,6978,"4-1-1","Alloy 617",314626,"Plate"
-192.44,-0.00164,"Qualified",,153.72,"CapPass","Cycle 20",20,6979,"4-1-1","Alloy 617",314626,"Plate"
-192.64,-0.00168,"Qualified",,153.72,"CapPass","Cycle 20",20,6980,"4-1-1","Alloy 617",314626,"Plate"
-192.82,-0.00171,"Qualified",,153.73,"CapPass","Cycle 20",20,6981,"4-1-1","Alloy 617",314626,"Plate"
-184.13,-0.00169,"Qualified",,153.86,"CapPass","Cycle 20",20,6982,"4-1-1","Alloy 617",314626,"Plate"
-184.02,-0.00169,"Qualified",,153.86,"CapPass","Cycle 20",20,6983,"4-1-1","Alloy 617",314626,"Plate"
-186.21,-0.00171,"Qualified",,153.95,"CapPass","Cycle 20",20,6984,"4-1-1","Alloy 617",314626,"Plate"
-189.52,-0.00174,"Qualified",,153.97,"CapPass","Cycle 20",20,6985,"4-1-1","Alloy 617",314626,"Plate"
-192.66,-0.00176,"Qualified",,154.00,"CapPass","Cycle 20",20,6986,"4-1-1","Alloy 617",314626,"Plate"
-196.11,-0.00179,"Qualified",,154.02,"CapPass","Cycle 20",20,6987,"4-1-1","Alloy 617",314626,"Plate"
-199.58,-0.00182,"Qualified",,154.04,"CapPass","Cycle 20",20,6988,"4-1-1","Alloy 617",314626,"Plate"
-195.67,-0.00184,"Qualified",,154.06,"CapPass","Cycle 20",20,6989,"4-1-1","Alloy 617",314626,"Plate"
-196.49,-0.00187,"Qualified",,154.07,"CapPass","Cycle 20",20,6990,"4-1-1","Alloy 617",314626,"Plate"
-198.36,-0.00189,"Qualified",,154.08,"CapPass","Cycle 20",20,6991,"4-1-1","Alloy 617",314626,"Plate"
-199.89,-0.00192,"Qualified",,154.10,"CapPass","Cycle 20",20,6992,"4-1-1","Alloy 617",314626,"Plate"
-198.99,-0.00194,"Qualified",,154.11,"CapPass","Cycle 20",20,6993,"4-1-1","Alloy 617",314626,"Plate"
-199.04,-0.00197,"Qualified",,154.11,"CapPass","Cycle 20",20,6994,"4-1-1","Alloy 617",314626,"Plate"
-199.11,-0.00200,"Qualified",,154.11,"CapPass","Cycle 20",20,6995,"4-1-1","Alloy 617",314626,"Plate"
-199.34,-0.00203,"Qualified",,154.12,"CapPass","Cycle 20",20,6996,"4-1-1","Alloy 617",314626,"Plate"
-199.42,-0.00206,"Qualified",,154.12,"CapPass","Cycle 20",20,6997,"4-1-1","Alloy 617",314626,"Plate"
-199.60,-0.00208,"Qualified",,154.12,"CapPass","Cycle 20",20,6998,"4-1-1","Alloy 617",314626,"Plate"
-199.39,-0.00211,"Qualified",,154.14,"CapPass","Cycle 20",20,6999,"4-1-1","Alloy 617",314626,"Plate"
-191.67,-0.00208,"Qualified",,154.18,"CapPass","Cycle 20",20,7000,"4-1-1","Alloy 617",314626,"Plate"
-187.12,-0.00206,"Qualified",,154.20,"CapPass","Cycle 20",20,7001,"4-1-1","Alloy 617",314626,"Plate"
-182.85,-0.00203,"Qualified",,154.21,"CapPass","Cycle 20",20,7002,"4-1-1","Alloy 617",314626,"Plate"
-178.65,-0.00200,"Qualified",,154.22,"CapPass","Cycle 20",20,7003,"4-1-1","Alloy 617",314626,"Plate"
-174.48,-0.00198,"Qualified",,154.23,"CapPass","Cycle 20",20,7004,"4-1-1","Alloy 617",314626,"Plate"
-170.26,-0.00195,"Qualified",,154.24,"CapPass","Cycle 20",20,7005,"4-1-1","Alloy 617",314626,"Plate"
-166.17,-0.00192,"Qualified",,154.25,"CapPass","Cycle 20",20,7006,"4-1-1","Alloy 617",314626,"Plate"
-162.26,-0.00190,"Qualified",,154.26,"CapPass","Cycle 20",20,7007,"4-1-1","Alloy 617",314626,"Plate"
-158.46,-0.00187,"Qualified",,154.27,"CapPass","Cycle 20",20,7008,"4-1-1","Alloy 617",314626,"Plate"
-154.69,-0.00185,"Qualified",,154.29,"CapPass","Cycle 20",20,7009,"4-1-1","Alloy 617",314626,"Plate"
-150.64,-0.00182,"Qualified",,154.30,"CapPass","Cycle 20",20,7010,"4-1-1","Alloy 617",314626,"Plate"
-146.89,-0.00180,"Qualified",,154.31,"CapPass","Cycle 20",20,7011,"4-1-1","Alloy 617",314626,"Plate"
-143.18,-0.00177,"Qualified",,154.33,"CapPass","Cycle 20",20,7012,"4-1-1","Alloy 617",314626,"Plate"
-139.37,-0.00175,"Qualified",,154.35,"CapPass","Cycle 20",20,7013,"4-1-1","Alloy 617",314626,"Plate"
-135.32,-0.00172,"Qualified",,154.37,"CapPass","Cycle 20",20,7014,"4-1-1","Alloy 617",314626,"Plate"
-131.35,-0.00169,"Qualified",,154.40,"CapPass","Cycle 20",20,7015,"4-1-1","Alloy 617",314626,"Plate"
-128.21,-0.00167,"Qualified",,154.42,"CapPass","Cycle 20",20,7016,"4-1-1","Alloy 617",314626,"Plate"
-124.55,-0.00164,"Qualified",,154.46,"CapPass","Cycle 20",20,7017,"4-1-1","Alloy 617",314626,"Plate"
-120.73,-0.00162,"Qualified",,154.49,"CapPass","Cycle 20",20,7018,"4-1-1","Alloy 617",314626,"Plate"
-116.64,-0.00159,"Qualified",,154.53,"CapPass","Cycle 20",20,7019,"4-1-1","Alloy 617",314626,"Plate"
-112.51,-0.00157,"Qualified",,154.56,"CapPass","Cycle 20",20,7020,"4-1-1","Alloy 617",314626,"Plate"
-109.01,-0.00154,"Qualified",,154.58,"CapPass","Cycle 20",20,7021,"4-1-1","Alloy 617",314626,"Plate"
-105.40,-0.00152,"Qualified",,154.61,"CapPass","Cycle 20",20,7022,"4-1-1","Alloy 617",314626,"Plate"
-101.14,-0.00149,"Qualified",,154.64,"CapPass","Cycle 20",20,7023,"4-1-1","Alloy 617",314626,"Plate"
-96.84,-0.00147,"Qualified",,154.67,"CapPass","Cycle 20",20,7024,"4-1-1","Alloy 617",314626,"Plate"
-92.91,-0.00144,"Qualified",,154.70,"CapPass","Cycle 20",20,7025,"4-1-1","Alloy 617",314626,"Plate"
-88.68,-0.00141,"Qualified",,154.73,"CapPass","Cycle 20",20,7026,"4-1-1","Alloy 617",314626,"Plate"
-85.06,-0.00139,"Qualified",,154.75,"CapPass","Cycle 20",20,7027,"4-1-1","Alloy 617",314626,"Plate"
-81.00,-0.00136,"Qualified",,154.78,"CapPass","Cycle 20",20,7028,"4-1-1","Alloy 617",314626,"Plate"
-76.93,-0.00134,"Qualified",,154.80,"CapPass","Cycle 20",20,7029,"4-1-1","Alloy 617",314626,"Plate"
-72.90,-0.00131,"Qualified",,154.83,"CapPass","Cycle 20",20,7030,"4-1-1","Alloy 617",314626,"Plate"
-69.03,-0.00129,"Qualified",,154.86,"CapPass","Cycle 20",20,7031,"4-1-1","Alloy 617",314626,"Plate"
-64.99,-0.00126,"Qualified",,154.89,"CapPass","Cycle 20",20,7032,"4-1-1","Alloy 617",314626,"Plate"
-60.99,-0.00124,"Qualified",,154.91,"CapPass","Cycle 20",20,7033,"4-1-1","Alloy 617",314626,"Plate"
-57.03,-0.00121,"Qualified",,154.94,"CapPass","Cycle 20",20,7034,"4-1-1","Alloy 617",314626,"Plate"
-52.97,-0.00119,"Qualified",,154.97,"CapPass","Cycle 20",20,7035,"4-1-1","Alloy 617",314626,"Plate"
-48.97,-0.00116,"Qualified",,155.00,"CapPass","Cycle 20",20,7036,"4-1-1","Alloy 617",314626,"Plate"
-45.41,-0.00113,"Qualified",,155.02,"CapPass","Cycle 20",20,7037,"4-1-1","Alloy 617",314626,"Plate"
-41.52,-0.00111,"Qualified",,155.05,"CapPass","Cycle 20",20,7038,"4-1-1","Alloy 617",314626,"Plate"
-37.27,-0.00108,"Qualified",,155.08,"CapPass","Cycle 20",20,7039,"4-1-1","Alloy 617",314626,"Plate"
-33.33,-0.00106,"Qualified",,155.10,"CapPass","Cycle 20",20,7040,"4-1-1","Alloy 617",314626,"Plate"
-30.03,-0.00103,"Qualified",,155.13,"CapPass","Cycle 20",20,7041,"4-1-1","Alloy 617",314626,"Plate"
-26.37,-0.00101,"Qualified",,155.15,"CapPass","Cycle 20",20,7042,"4-1-1","Alloy 617",314626,"Plate"
-22.34,-0.00098,"Qualified",,155.18,"CapPass","Cycle 20",20,7043,"4-1-1","Alloy 617",314626,"Plate"
-18.50,-0.00096,"Qualified",,155.21,"CapPass","Cycle 20",20,7044,"4-1-1","Alloy 617",314626,"Plate"
-14.83,-0.00093,"Qualified",,155.24,"CapPass","Cycle 20",20,7045,"4-1-1","Alloy 617",314626,"Plate"
-11.02,-0.00090,"Qualified",,155.26,"CapPass","Cycle 20",20,7046,"4-1-1","Alloy 617",314626,"Plate"
-7.61,-0.00088,"Qualified",,155.29,"CapPass","Cycle 20",20,7047,"4-1-1","Alloy 617",314626,"Plate"
-3.88,-0.00085,"Qualified",,155.32,"CapPass","Cycle 20",20,7048,"4-1-1","Alloy 617",314626,"Plate"
0.07,-0.00083,"Qualified",,155.35,"CapPass","Cycle 20",20,7049,"4-1-1","Alloy 617",314626,"Plate"
3.83,-0.00080,"Qualified",,155.37,"CapPass","Cycle 20",20,7050,"4-1-1","Alloy 617",314626,"Plate"
7.67,-0.00078,"Qualified",,155.40,"CapPass","Cycle 20",20,7051,"4-1-1","Alloy 617",314626,"Plate"
11.06,-0.00075,"Qualified",,155.43,"CapPass","Cycle 20",20,7052,"4-1-1","Alloy 617",314626,"Plate"
14.62,-0.00073,"Qualified",,155.45,"CapPass","Cycle 20",20,7053,"4-1-1","Alloy 617",314626,"Plate"
18.27,-0.00070,"Qualified",,155.48,"CapPass","Cycle 20",20,7054,"4-1-1","Alloy 617",314626,"Plate"
22.16,-0.00068,"Qualified",,155.51,"CapPass","Cycle 20",20,7055,"4-1-1","Alloy 617",314626,"Plate"
25.69,-0.00065,"Qualified",,155.54,"CapPass","Cycle 20",20,7056,"4-1-1","Alloy 617",314626,"Plate"
28.92,-0.00063,"Qualified",,155.58,"CapPass","Cycle 20",20,7057,"4-1-1","Alloy 617",314626,"Plate"
32.14,-0.00060,"Qualified",,155.63,"CapPass","Cycle 20",20,7058,"4-1-1","Alloy 617",314626,"Plate"
35.95,-0.00057,"Qualified",,155.67,"CapPass","Cycle 20",20,7059,"4-1-1","Alloy 617",314626,"Plate"
40.07,-0.00055,"Qualified",,155.70,"CapPass","Cycle 20",20,7060,"4-1-1","Alloy 617",314626,"Plate"
43.46,-0.00052,"Qualified",,155.71,"CapPass","Cycle 20",20,7061,"4-1-1","Alloy 617",314626,"Plate"
47.32,-0.00050,"Qualified",,155.74,"CapPass","Cycle 20",20,7062,"4-1-1","Alloy 617",314626,"Plate"
50.51,-0.00047,"Qualified",,155.75,"CapPass","Cycle 20",20,7063,"4-1-1","Alloy 617",314626,"Plate"
53.73,-0.00045,"Qualified",,155.78,"CapPass","Cycle 20",20,7064,"4-1-1","Alloy 617",314626,"Plate"
56.55,-0.00042,"Qualified",,155.80,"CapPass","Cycle 20",20,7065,"4-1-1","Alloy 617",314626,"Plate"
59.74,-0.00040,"Qualified",,155.83,"CapPass","Cycle 20",20,7066,"4-1-1","Alloy 617",314626,"Plate"
62.53,-0.00037,"Qualified",,155.86,"CapPass","Cycle 20",20,7067,"4-1-1","Alloy 617",314626,"Plate"
62.97,-0.00037,"Qualified",,155.86,"CapPass","Cycle 20",20,7068,"4-1-1","Alloy 617",314626,"Plate"
65.89,-0.00034,"Qualified",,155.90,"CapPass","Cycle 20",20,7069,"4-1-1","Alloy 617",314626,"Plate"
69.30,-0.00032,"Qualified",,155.93,"CapPass","Cycle 20",20,7070,"4-1-1","Alloy 617",314626,"Plate"
72.68,-0.00029,"Qualified",,155.97,"CapPass","Cycle 20",20,7071,"4-1-1","Alloy 617",314626,"Plate"
76.09,-0.00027,"Qualified",,156.00,"CapPass","Cycle 20",20,7072,"4-1-1","Alloy 617",314626,"Plate"
79.34,-0.00024,"Qualified",,156.03,"CapPass","Cycle 20",20,7073,"4-1-1","Alloy 617",314626,"Plate"
82.27,-0.00022,"Qualified",,156.06,"CapPass","Cycle 20",20,7074,"4-1-1","Alloy 617",314626,"Plate"
95.63,-0.00019,"Qualified",,388.35,"CapPass","Cycle 50",50,16977,"4-1-1","Alloy 617",314626,"Plate"
98.84,-0.00017,"Qualified",,388.38,"CapPass","Cycle 50",50,16978,"4-1-1","Alloy 617",314626,"Plate"
101.77,-0.00014,"Qualified",,388.40,"CapPass","Cycle 50",50,16979,"4-1-1","Alloy 617",314626,"Plate"
105.36,-0.00011,"Qualified",,388.43,"CapPass","Cycle 50",50,16980,"4-1-1","Alloy 617",314626,"Plate"
109.75,-0.00009,"Qualified",,388.45,"CapPass","Cycle 50",50,16981,"4-1-1","Alloy 617",314626,"Plate"
113.61,-0.00006,"Qualified",,388.47,"CapPass","Cycle 50",50,16982,"4-1-1","Alloy 617",314626,"Plate"
117.45,-0.00004,"Qualified",,388.49,"CapPass","Cycle 50",50,16983,"4-1-1","Alloy 617",314626,"Plate"
121.25,-0.00001,"Qualified",,388.51,"CapPass","Cycle 50",50,16984,"4-1-1","Alloy 617",314626,"Plate"
124.74,0.00002,"Qualified",,388.53,"CapPass","Cycle 50",50,16985,"4-1-1","Alloy 617",314626,"Plate"
128.06,0.00004,"Qualified",,388.54,"CapPass","Cycle 50",50,16986,"4-1-1","Alloy 617",314626,"Plate"
131.54,0.00007,"Qualified",,388.56,"CapPass","Cycle 50",50,16987,"4-1-1","Alloy 617",314626,"Plate"
134.81,0.00009,"Qualified",,388.57,"CapPass","Cycle 50",50,16988,"4-1-1","Alloy 617",314626,"Plate"
138.12,0.00012,"Qualified",,388.59,"CapPass","Cycle 50",50,16989,"4-1-1","Alloy 617",314626,"Plate"
141.37,0.00015,"Qualified",,388.61,"CapPass","Cycle 50",50,16990,"4-1-1","Alloy 617",314626,"Plate"
144.46,0.00017,"Qualified",,388.63,"CapPass","Cycle 50",50,16991,"4-1-1","Alloy 617",314626,"Plate"
147.35,0.00020,"Qualified",,388.65,"CapPass","Cycle 50",50,16992,"4-1-1","Alloy 617",314626,"Plate"
150.32,0.00022,"Qualified",,388.67,"CapPass","Cycle 50",50,16993,"4-1-1","Alloy 617",314626,"Plate"
152.95,0.00025,"Qualified",,388.69,"CapPass","Cycle 50",50,16994,"4-1-1","Alloy 617",314626,"Plate"
155.30,0.00027,"Qualified",,388.71,"CapPass","Cycle 50",50,16995,"4-1-1","Alloy 617",314626,"Plate"
157.68,0.00030,"Qualified",,388.73,"CapPass","Cycle 50",50,16996,"4-1-1","Alloy 617",314626,"Plate"
160.25,0.00032,"Qualified",,388.76,"CapPass","Cycle 50",50,16997,"4-1-1","Alloy 617",314626,"Plate"
162.68,0.00035,"Qualified",,388.79,"CapPass","Cycle 50",50,16998,"4-1-1","Alloy 617",314626,"Plate"
165.22,0.00037,"Qualified",,388.82,"CapPass","Cycle 50",50,16999,"4-1-1","Alloy 617",314626,"Plate"
167.45,0.00040,"Qualified",,388.84,"CapPass","Cycle 50",50,17000,"4-1-1","Alloy 617",314626,"Plate"
168.74,0.00041,"Qualified",,388.86,"CapPass","Cycle 50",50,17001,"4-1-1","Alloy 617",314626,"Plate"
169.68,0.00043,"Qualified",,388.87,"CapPass","Cycle 50",50,17002,"4-1-1","Alloy 617",314626,"Plate"
171.31,0.00045,"Qualified",,388.89,"CapPass","Cycle 50",50,17003,"4-1-1","Alloy 617",314626,"Plate"
172.51,0.00048,"Qualified",,388.91,"CapPass","Cycle 50",50,17004,"4-1-1","Alloy 617",314626,"Plate"
172.95,0.00050,"Qualified",,388.92,"CapPass","Cycle 50",50,17005,"4-1-1","Alloy 617",314626,"Plate"
173.25,0.00053,"Qualified",,388.93,"CapPass","Cycle 50",50,17006,"4-1-1","Alloy 617",314626,"Plate"
173.68,0.00056,"Qualified",,388.94,"CapPass","Cycle 50",50,17007,"4-1-1","Alloy 617",314626,"Plate"
173.99,0.00058,"Qualified",,388.95,"CapPass","Cycle 50",50,17008,"4-1-1","Alloy 617",314626,"Plate"
174.28,0.00061,"Qualified",,388.95,"CapPass","Cycle 50",50,17009,"4-1-1","Alloy 617",314626,"Plate"
174.52,0.00064,"Qualified",,388.97,"CapPass","Cycle 50",50,17010,"4-1-1","Alloy 617",314626,"Plate"
170.27,0.00066,"Qualified",,389.11,"CapPass","Cycle 50",50,17011,"4-1-1","Alloy 617",314626,"Plate"
172.76,0.00069,"Qualified",,389.16,"CapPass","Cycle 50",50,17012,"4-1-1","Alloy 617",314626,"Plate"
176.02,0.00071,"Qualified",,389.19,"CapPass","Cycle 50",50,17013,"4-1-1","Alloy 617",314626,"Plate"
179.04,0.00074,"Qualified",,389.21,"CapPass","Cycle 50",50,17014,"4-1-1","Alloy 617",314626,"Plate"
182.19,0.00076,"Qualified",,389.24,"CapPass","Cycle 50",50,17015,"4-1-1","Alloy 617",314626,"Plate"
184.97,0.00079,"Qualified",,389.26,"CapPass","Cycle 50",50,17016,"4-1-1","Alloy 617",314626,"Plate"
186.32,0.00081,"Qualified",,389.27,"CapPass","Cycle 50",50,17017,"4-1-1","Alloy 617",314626,"Plate"
183.88,0.00084,"Qualified",,389.28,"CapPass","Cycle 50",50,17018,"4-1-1","Alloy 617",314626,"Plate"
184.16,0.00087,"Qualified",,389.29,"CapPass","Cycle 50",50,17019,"4-1-1","Alloy 617",314626,"Plate"
184.51,0.00089,"Qualified",,389.29,"CapPass","Cycle 50",50,17020,"4-1-1","Alloy 617",314626,"Plate"
184.99,0.00092,"Qualified",,389.29,"CapPass","Cycle 50",50,17021,"4-1-1","Alloy 617",314626,"Plate"
186.54,0.00094,"Qualified",,389.31,"CapPass","Cycle 50",50,17022,"4-1-1","Alloy 617",314626,"Plate"
186.85,0.00097,"Qualified",,389.32,"CapPass","Cycle 50",50,17023,"4-1-1","Alloy 617",314626,"Plate"
187.07,0.00100,"Qualified",,389.33,"CapPass","Cycle 50",50,17024,"4-1-1","Alloy 617",314626,"Plate"
183.54,0.00102,"Qualified",,389.48,"CapPass","Cycle 50",50,17025,"4-1-1","Alloy 617",314626,"Plate"
185.68,0.00105,"Qualified",,389.52,"CapPass","Cycle 50",50,17026,"4-1-1","Alloy 617",314626,"Plate"
188.18,0.00107,"Qualified",,389.54,"CapPass","Cycle 50",50,17027,"4-1-1","Alloy 617",314626,"Plate"
190.90,0.00110,"Qualified",,389.57,"CapPass","Cycle 50",50,17028,"4-1-1","Alloy 617",314626,"Plate"
193.88,0.00112,"Qualified",,389.59,"CapPass","Cycle 50",50,17029,"4-1-1","Alloy 617",314626,"Plate"
196.94,0.00115,"Qualified",,389.62,"CapPass","Cycle 50",50,17030,"4-1-1","Alloy 617",314626,"Plate"
191.51,0.00119,"Qualified",,389.63,"CapPass","Cycle 50",50,17031,"4-1-1","Alloy 617",314626,"Plate"
191.92,0.00123,"Qualified",,389.63,"CapPass","Cycle 50",50,17032,"4-1-1","Alloy 617",314626,"Plate"
192.06,0.00126,"Qualified",,389.63,"CapPass","Cycle 50",50,17033,"4-1-1","Alloy 617",314626,"Plate"
192.12,0.00130,"Qualified",,389.63,"CapPass","Cycle 50",50,17034,"4-1-1","Alloy 617",314626,"Plate"
192.27,0.00134,"Qualified",,389.63,"CapPass","Cycle 50",50,17035,"4-1-1","Alloy 617",314626,"Plate"
192.36,0.00138,"Qualified",,389.63,"CapPass","Cycle 50",50,17036,"4-1-1","Alloy 617",314626,"Plate"
192.48,0.00142,"Qualified",,389.63,"CapPass","Cycle 50",50,17037,"4-1-1","Alloy 617",314626,"Plate"
192.61,0.00146,"Qualified",,389.64,"CapPass","Cycle 50",50,17038,"4-1-1","Alloy 617",314626,"Plate"
192.74,0.00150,"Qualified",,389.64,"CapPass","Cycle 50",50,17039,"4-1-1","Alloy 617",314626,"Plate"
192.92,0.00153,"Qualified",,389.64,"CapPass","Cycle 50",50,17040,"4-1-1","Alloy 617",314626,"Plate"
193.13,0.00157,"Qualified",,389.64,"CapPass","Cycle 50",50,17041,"4-1-1","Alloy 617",314626,"Plate"
193.84,0.00154,"Qualified",,389.65,"CapPass","Cycle 50",50,17042,"4-1-1","Alloy 617",314626,"Plate"
183.45,0.00152,"Qualified",,389.70,"CapPass","Cycle 50",50,17043,"4-1-1","Alloy 617",314626,"Plate"
178.83,0.00149,"Qualified",,389.71,"CapPass","Cycle 50",50,17044,"4-1-1","Alloy 617",314626,"Plate"
174.54,0.00146,"Qualified",,389.73,"CapPass","Cycle 50",50,17045,"4-1-1","Alloy 617",314626,"Plate"
170.46,0.00144,"Qualified",,389.74,"CapPass","Cycle 50",50,17046,"4-1-1","Alloy 617",314626,"Plate"
166.68,0.00141,"Qualified",,389.75,"CapPass","Cycle 50",50,17047,"4-1-1","Alloy 617",314626,"Plate"
162.84,0.00139,"Qualified",,389.76,"CapPass","Cycle 50",50,17048,"4-1-1","Alloy 617",314626,"Plate"
159.10,0.00136,"Qualified",,389.78,"CapPass","Cycle 50",50,17049,"4-1-1","Alloy 617",314626,"Plate"
155.44,0.00134,"Qualified",,389.81,"CapPass","Cycle 50",50,17050,"4-1-1","Alloy 617",314626,"Plate"
156.14,0.00134,"Qualified",,389.86,"CapPass","Cycle 50",50,17051,"4-1-1","Alloy 617",314626,"Plate"
158.84,0.00136,"Qualified",,389.88,"CapPass","Cycle 50",50,17052,"4-1-1","Alloy 617",314626,"Plate"
162.11,0.00139,"Qualified",,389.90,"CapPass","Cycle 50",50,17053,"4-1-1","Alloy 617",314626,"Plate"
165.57,0.00141,"Qualified",,389.92,"CapPass","Cycle 50",50,17054,"4-1-1","Alloy 617",314626,"Plate"
168.86,0.00144,"Qualified",,389.93,"CapPass","Cycle 50",50,17055,"4-1-1","Alloy 617",314626,"Plate"
172.02,0.00146,"Qualified",,389.95,"CapPass","Cycle 50",50,17056,"4-1-1","Alloy 617",314626,"Plate"
175.30,0.00149,"Qualified",,389.97,"CapPass","Cycle 50",50,17057,"4-1-1","Alloy 617",314626,"Plate"
178.56,0.00152,"Qualified",,389.98,"CapPass","Cycle 50",50,17058,"4-1-1","Alloy 617",314626,"Plate"
181.82,0.00154,"Qualified",,390.00,"CapPass","Cycle 50",50,17059,"4-1-1","Alloy 617",314626,"Plate"
184.98,0.00157,"Qualified",,390.02,"CapPass","Cycle 50",50,17060,"4-1-1","Alloy 617",314626,"Plate"
188.08,0.00159,"Qualified",,390.05,"CapPass","Cycle 50",50,17061,"4-1-1","Alloy 617",314626,"Plate"
190.90,0.00162,"Qualified",,390.07,"CapPass","Cycle 50",50,17062,"4-1-1","Alloy 617",314626,"Plate"
193.70,0.00164,"Qualified",,390.10,"CapPass","Cycle 50",50,17063,"4-1-1","Alloy 617",314626,"Plate"
196.59,0.00167,"Qualified",,390.13,"CapPass","Cycle 50",50,17064,"4-1-1","Alloy 617",314626,"Plate"
199.43,0.00170,"Qualified",,390.16,"CapPass","Cycle 50",50,17065,"4-1-1","Alloy 617",314626,"Plate"
202.13,0.00172,"Qualified",,390.18,"CapPass","Cycle 50",50,17066,"4-1-1","Alloy 617",314626,"Plate"
204.73,0.00175,"Qualified",,390.21,"CapPass","Cycle 50",50,17067,"4-1-1","Alloy 617",314626,"Plate"
200.44,0.00177,"Qualified",,390.24,"CapPass","Cycle 50",50,17068,"4-1-1","Alloy 617",314626,"Plate"
200.79,0.00180,"Qualified",,390.24,"CapPass","Cycle 50",50,17069,"4-1-1","Alloy 617",314626,"Plate"
201.05,0.00183,"Qualified",,390.25,"CapPass","Cycle 50",50,17070,"4-1-1","Alloy 617",314626,"Plate"
201.36,0.00187,"Qualified",,390.25,"CapPass","Cycle 50",50,17071,"4-1-1","Alloy 617",314626,"Plate"
201.92,0.00189,"Qualified",,390.25,"CapPass","Cycle 50",50,17072,"4-1-1","Alloy 617",314626,"Plate"
203.67,0.00192,"Qualified",,390.29,"CapPass","Cycle 50",50,17073,"4-1-1","Alloy 617",314626,"Plate"
203.41,0.00194,"Qualified",,390.30,"CapPass","Cycle 50",50,17074,"4-1-1","Alloy 617",314626,"Plate"
202.95,0.00197,"Qualified",,390.33,"CapPass","Cycle 50",50,17075,"4-1-1","Alloy 617",314626,"Plate"
194.96,0.00194,"Qualified",,390.44,"CapPass","Cycle 50",50,17076,"4-1-1","Alloy 617",314626,"Plate"
189.93,0.00192,"Qualified",,390.48,"CapPass","Cycle 50",50,17077,"4-1-1","Alloy 617",314626,"Plate"
185.52,0.00189,"Qualified",,390.50,"CapPass","Cycle 50",50,17078,"4-1-1","Alloy 617",314626,"Plate"
181.54,0.00187,"Qualified",,390.53,"CapPass","Cycle 50",50,17079,"4-1-1","Alloy 617",314626,"Plate"
177.64,0.00184,"Qualified",,390.55,"CapPass","Cycle 50",50,17080,"4-1-1","Alloy 617",314626,"Plate"
173.67,0.00181,"Qualified",,390.57,"CapPass","Cycle 50",50,17081,"4-1-1","Alloy 617",314626,"Plate"
169.88,0.00179,"Qualified",,390.59,"CapPass","Cycle 50",50,17082,"4-1-1","Alloy 617",314626,"Plate"
166.14,0.00176,"Qualified",,390.61,"CapPass","Cycle 50",50,17083,"4-1-1","Alloy 617",314626,"Plate"
162.44,0.00174,"Qualified",,390.64,"CapPass","Cycle 50",50,17084,"4-1-1","Alloy 617",314626,"Plate"
158.80,0.00171,"Qualified",,390.66,"CapPass","Cycle 50",50,17085,"4-1-1","Alloy 617",314626,"Plate"
155.17,0.00169,"Qualified",,390.69,"CapPass","Cycle 50",50,17086,"4-1-1","Alloy 617",314626,"Plate"
151.32,0.00166,"Qualified",,390.71,"CapPass","Cycle 50",50,17087,"4-1-1","Alloy 617",314626,"Plate"
147.63,0.00163,"Qualified",,390.74,"CapPass","Cycle 50",50,17088,"4-1-1","Alloy 617",314626,"Plate"
143.31,0.00161,"Qualified",,390.78,"CapPass","Cycle 50",50,17089,"4-1-1","Alloy 617",314626,"Plate"
139.36,0.00158,"Qualified",,390.81,"CapPass","Cycle 50",50,17090,"4-1-1","Alloy 617",314626,"Plate"
135.39,0.00156,"Qualified",,390.83,"CapPass","Cycle 50",50,17091,"4-1-1","Alloy 617",314626,"Plate"
132.14,0.00154,"Qualified",,390.86,"CapPass","Cycle 50",50,17092,"4-1-1","Alloy 617",314626,"Plate"
131.19,0.00153,"Qualified",,390.87,"CapPass","Cycle 50",50,17093,"4-1-1","Alloy 617",314626,"Plate"
127.02,0.00151,"Qualified",,390.89,"CapPass","Cycle 50",50,17094,"4-1-1","Alloy 617",314626,"Plate"
123.24,0.00148,"Qualified",,390.92,"CapPass","Cycle 50",50,17095,"4-1-1","Alloy 617",314626,"Plate"
119.69,0.00146,"Qualified",,390.94,"CapPass","Cycle 50",50,17096,"4-1-1","Alloy 617",314626,"Plate"
115.77,0.00143,"Qualified",,390.97,"CapPass","Cycle 50",50,17097,"4-1-1","Alloy 617",314626,"Plate"
112.34,0.00141,"Qualified",,390.99,"CapPass","Cycle 50",50,17098,"4-1-1","Alloy 617",314626,"Plate"
109.29,0.00138,"Qualified",,391.02,"CapPass","Cycle 50",50,17099,"4-1-1","Alloy 617",314626,"Plate"
105.64,0.00135,"Qualified",,391.04,"CapPass","Cycle 50",50,17100,"4-1-1","Alloy 617",314626,"Plate"
102.17,0.00133,"Qualified",,391.07,"CapPass","Cycle 50",50,17101,"4-1-1","Alloy 617",314626,"Plate"
98.37,0.00130,"Qualified",,391.10,"CapPass","Cycle 50",50,17102,"4-1-1","Alloy 617",314626,"Plate"
94.29,0.00128,"Qualified",,391.13,"CapPass","Cycle 50",50,17103,"4-1-1","Alloy 617",314626,"Plate"
90.61,0.00125,"Qualified",,391.16,"CapPass","Cycle 50",50,17104,"4-1-1","Alloy 617",314626,"Plate"
86.93,0.00123,"Qualified",,391.19,"CapPass","Cycle 50",50,17105,"4-1-1","Alloy 617",314626,"Plate"
82.97,0.00120,"Qualified",,391.21,"CapPass","Cycle 50",50,17106,"4-1-1","Alloy 617",314626,"Plate"
79.30,0.00118,"Qualified",,391.24,"CapPass","Cycle 50",50,17107,"4-1-1","Alloy 617",314626,"Plate"
75.81,0.00115,"Qualified",,391.27,"CapPass","Cycle 50",50,17108,"4-1-1","Alloy 617",314626,"Plate"
72.29,0.00113,"Qualified",,391.29,"CapPass","Cycle 50",50,17109,"4-1-1","Alloy 617",314626,"Plate"
68.96,0.00110,"Qualified",,391.32,"CapPass","Cycle 50",50,17110,"4-1-1","Alloy 617",314626,"Plate"
65.14,0.00108,"Qualified",,391.34,"CapPass","Cycle 50",50,17111,"4-1-1","Alloy 617",314626,"Plate"
61.65,0.00105,"Qualified",,391.37,"CapPass","Cycle 50",50,17112,"4-1-1","Alloy 617",314626,"Plate"
58.01,0.00102,"Qualified",,391.40,"CapPass","Cycle 50",50,17113,"4-1-1","Alloy 617",314626,"Plate"
54.29,0.00100,"Qualified",,391.43,"CapPass","Cycle 50",50,17114,"4-1-1","Alloy 617",314626,"Plate"
50.61,0.00097,"Qualified",,391.45,"CapPass","Cycle 50",50,17115,"4-1-1","Alloy 617",314626,"Plate"
47.13,0.00095,"Qualified",,391.48,"CapPass","Cycle 50",50,17116,"4-1-1","Alloy 617",314626,"Plate"
44.11,0.00092,"Qualified",,391.50,"CapPass","Cycle 50",50,17117,"4-1-1","Alloy 617",314626,"Plate"
41.16,0.00090,"Qualified",,391.53,"CapPass","Cycle 50",50,17118,"4-1-1","Alloy 617",314626,"Plate"
37.65,0.00087,"Qualified",,391.55,"CapPass","Cycle 50",50,17119,"4-1-1","Alloy 617",314626,"Plate"
33.80,0.00085,"Qualified",,391.58,"CapPass","Cycle 50",50,17120,"4-1-1","Alloy 617",314626,"Plate"
30.64,0.00082,"Qualified",,391.61,"CapPass","Cycle 50",50,17121,"4-1-1","Alloy 617",314626,"Plate"
27.10,0.00080,"Qualified",,391.64,"CapPass","Cycle 50",50,17122,"4-1-1","Alloy 617",314626,"Plate"
23.32,0.00077,"Qualified",,391.67,"CapPass","Cycle 50",50,17123,"4-1-1","Alloy 617",314626,"Plate"
19.18,0.00074,"Qualified",,391.70,"CapPass","Cycle 50",50,17124,"4-1-1","Alloy 617",314626,"Plate"
15.21,0.00072,"Qualified",,391.73,"CapPass","Cycle 50",50,17125,"4-1-1","Alloy 617",314626,"Plate"
11.02,0.00069,"Qualified",,391.76,"CapPass","Cycle 50",50,17126,"4-1-1","Alloy 617",314626,"Plate"
6.60,0.00067,"Qualified",,391.79,"CapPass","Cycle 50",50,17127,"4-1-1","Alloy 617",314626,"Plate"
2.53,0.00064,"Qualified",,391.82,"CapPass","Cycle 50",50,17128,"4-1-1","Alloy 617",314626,"Plate"
-1.58,0.00062,"Qualified",,391.85,"CapPass","Cycle 50",50,17129,"4-1-1","Alloy 617",314626,"Plate"
-2.98,0.00061,"Qualified",,391.86,"CapPass","Cycle 50",50,17130,"4-1-1","Alloy 617",314626,"Plate"
-5.52,0.00059,"Qualified",,391.87,"CapPass","Cycle 50",50,17131,"4-1-1","Alloy 617",314626,"Plate"
-9.15,0.00057,"Qualified",,391.90,"CapPass","Cycle 50",50,17132,"4-1-1","Alloy 617",314626,"Plate"
-12.91,0.00054,"Qualified",,391.93,"CapPass","Cycle 50",50,17133,"4-1-1","Alloy 617",314626,"Plate"
-16.48,0.00052,"Qualified",,391.95,"CapPass","Cycle 50",50,17134,"4-1-1","Alloy 617",314626,"Plate"
-19.26,0.00049,"Qualified",,391.97,"CapPass","Cycle 50",50,17135,"4-1-1","Alloy 617",314626,"Plate"
-21.85,0.00047,"Qualified",,392.01,"CapPass","Cycle 50",50,17136,"4-1-1","Alloy 617",314626,"Plate"
-22.85,0.00044,"Qualified",,392.10,"CapPass","Cycle 50",50,17137,"4-1-1","Alloy 617",314626,"Plate"
-25.69,0.00042,"Qualified",,392.16,"CapPass","Cycle 50",50,17138,"4-1-1","Alloy 617",314626,"Plate"
-29.17,0.00039,"Qualified",,392.20,"CapPass","Cycle 50",50,17139,"4-1-1","Alloy 617",314626,"Plate"
-32.30,0.00037,"Qualified",,392.23,"CapPass","Cycle 50",50,17140,"4-1-1","Alloy 617",314626,"Plate"
-35.60,0.00034,"Qualified",,392.25,"CapPass","Cycle 50",50,17141,"4-1-1","Alloy 617",314626,"Plate"
-39.14,0.00032,"Qualified",,392.28,"CapPass","Cycle 50",50,17142,"4-1-1","Alloy 617",314626,"Plate"
-43.04,0.00029,"Qualified",,392.31,"CapPass","Cycle 50",50,17143,"4-1-1","Alloy 617",314626,"Plate"
-47.16,0.00026,"Qualified",,392.33,"CapPass","Cycle 50",50,17144,"4-1-1","Alloy 617",314626,"Plate"
-50.89,0.00024,"Qualified",,392.35,"CapPass","Cycle 50",50,17145,"4-1-1","Alloy 617",314626,"Plate"
-55.19,0.00021,"Qualified",,392.36,"CapPass","Cycle 50",50,17146,"4-1-1","Alloy 617",314626,"Plate"
-59.00,0.00019,"Qualified",,392.38,"CapPass","Cycle 50",50,17147,"4-1-1","Alloy 617",314626,"Plate"
-62.27,0.00016,"Qualified",,392.39,"CapPass","Cycle 50",50,17148,"4-1-1","Alloy 617",314626,"Plate"
-65.72,0.00014,"Qualified",,392.41,"CapPass","Cycle 50",50,17149,"4-1-1","Alloy 617",314626,"Plate"
-69.02,0.00011,"Qualified",,392.42,"CapPass","Cycle 50",50,17150,"4-1-1","Alloy 617",314626,"Plate"
-72.67,0.00008,"Qualified",,392.44,"CapPass","Cycle 50",50,17151,"4-1-1","Alloy 617",314626,"Plate"
-76.27,0.00006,"Qualified",,392.45,"CapPass","Cycle 50",50,17152,"4-1-1","Alloy 617",314626,"Plate"
-79.69,0.00003,"Qualified",,392.47,"CapPass","Cycle 50",50,17153,"4-1-1","Alloy 617",314626,"Plate"
-83.03,0.00001,"Qualified",,392.48,"CapPass","Cycle 50",50,17154,"4-1-1","Alloy 617",314626,"Plate"
-86.42,-0.00002,"Qualified",,392.50,"CapPass","Cycle 50",50,17155,"4-1-1","Alloy 617",314626,"Plate"
-89.96,-0.00004,"Qualified",,392.52,"CapPass","Cycle 50",50,17156,"4-1-1","Alloy 617",314626,"Plate"
-93.46,-0.00007,"Qualified",,392.54,"CapPass","Cycle 50",50,17157,"4-1-1","Alloy 617",314626,"Plate"
-96.70,-0.00010,"Qualified",,392.56,"CapPass","Cycle 50",50,17158,"4-1-1","Alloy 617",314626,"Plate"
-99.93,-0.00012,"Qualified",,392.58,"CapPass","Cycle 50",50,17159,"4-1-1","Alloy 617",314626,"Plate"
-103.42,-0.00015,"Qualified",,392.60,"CapPass","Cycle 50",50,17160,"4-1-1","Alloy 617",314626,"Plate"
-106.79,-0.00017,"Qualified",,392.62,"CapPass","Cycle 50",50,17161,"4-1-1","Alloy 617",314626,"Plate"
-109.83,-0.00020,"Qualified",,392.64,"CapPass","Cycle 50",50,17162,"4-1-1","Alloy 617",314626,"Plate"
-113.13,-0.00022,"Qualified",,392.67,"CapPass","Cycle 50",50,17163,"4-1-1","Alloy 617",314626,"Plate"
-116.69,-0.00025,"Qualified",,392.69,"CapPass","Cycle 50",50,17164,"4-1-1","Alloy 617",314626,"Plate"
-120.00,-0.00027,"Qualified",,392.72,"CapPass","Cycle 50",50,17165,"4-1-1","Alloy 617",314626,"Plate"
-123.39,-0.00030,"Qualified",,392.75,"CapPass","Cycle 50",50,17166,"4-1-1","Alloy 617",314626,"Plate"
-126.62,-0.00032,"Qualified",,392.77,"CapPass","Cycle 50",50,17167,"4-1-1","Alloy 617",314626,"Plate"
-130.02,-0.00035,"Qualified",,392.80,"CapPass","Cycle 50",50,17168,"4-1-1","Alloy 617",314626,"Plate"
-133.18,-0.00038,"Qualified",,392.83,"CapPass","Cycle 50",50,17169,"4-1-1","Alloy 617",314626,"Plate"
-136.12,-0.00040,"Qualified",,392.85,"CapPass","Cycle 50",50,17170,"4-1-1","Alloy 617",314626,"Plate"
-137.04,-0.00041,"Qualified",,392.86,"CapPass","Cycle 50",50,17171,"4-1-1","Alloy 617",314626,"Plate"
-139.15,-0.00043,"Qualified",,392.88,"CapPass","Cycle 50",50,17172,"4-1-1","Alloy 617",314626,"Plate"
-142.32,-0.00045,"Qualified",,392.90,"CapPass","Cycle 50",50,17173,"4-1-1","Alloy 617",314626,"Plate"
-145.49,-0.00048,"Qualified",,392.93,"CapPass","Cycle 50",50,17174,"4-1-1","Alloy 617",314626,"Plate"
-148.37,-0.00050,"Qualified",,392.95,"CapPass","Cycle 50",50,17175,"4-1-1","Alloy 617",314626,"Plate"
-151.39,-0.00053,"Qualified",,392.98,"CapPass","Cycle 50",50,17176,"4-1-1","Alloy 617",314626,"Plate"
-154.40,-0.00055,"Qualified",,393.01,"CapPass","Cycle 50",50,17177,"4-1-1","Alloy 617",314626,"Plate"
-157.04,-0.00058,"Qualified",,393.03,"CapPass","Cycle 50",50,17178,"4-1-1","Alloy 617",314626,"Plate"
-160.01,-0.00060,"Qualified",,393.06,"CapPass","Cycle 50",50,17179,"4-1-1","Alloy 617",314626,"Plate"
-162.87,-0.00063,"Qualified",,393.08,"CapPass","Cycle 50",50,17180,"4-1-1","Alloy 617",314626,"Plate"
-165.63,-0.00066,"Qualified",,393.11,"CapPass","Cycle 50",50,17181,"4-1-1","Alloy 617",314626,"Plate"
-168.81,-0.00068,"Qualified",,393.14,"CapPass","Cycle 50",50,17182,"4-1-1","Alloy 617",314626,"Plate"
-171.66,-0.00071,"Qualified",,393.16,"CapPass","Cycle 50",50,17183,"4-1-1","Alloy 617",314626,"Plate"
-174.11,-0.00073,"Qualified",,393.19,"CapPass","Cycle 50",50,17184,"4-1-1","Alloy 617",314626,"Plate"
-175.98,-0.00076,"Qualified",,393.21,"CapPass","Cycle 50",50,17185,"4-1-1","Alloy 617",314626,"Plate"
-177.15,-0.00078,"Qualified",,393.23,"CapPass","Cycle 50",50,17186,"4-1-1","Alloy 617",314626,"Plate"
-178.76,-0.00081,"Qualified",,393.25,"CapPass","Cycle 50",50,17187,"4-1-1","Alloy 617",314626,"Plate"
-180.13,-0.00083,"Qualified",,393.26,"CapPass","Cycle 50",50,17188,"4-1-1","Alloy 617",314626,"Plate"
-180.88,-0.00086,"Qualified",,393.28,"CapPass","Cycle 50",50,17189,"4-1-1","Alloy 617",314626,"Plate"
-181.13,-0.00088,"Qualified",,393.29,"CapPass","Cycle 50",50,17190,"4-1-1","Alloy 617",314626,"Plate"
-181.55,-0.00091,"Qualified",,393.29,"CapPass","Cycle 50",50,17191,"4-1-1","Alloy 617",314626,"Plate"
-182.23,-0.00093,"Qualified",,393.31,"CapPass","Cycle 50",50,17192,"4-1-1","Alloy 617",314626,"Plate"
-182.83,-0.00096,"Qualified",,393.32,"CapPass","Cycle 50",50,17193,"4-1-1","Alloy 617",314626,"Plate"
-182.71,-0.00099,"Qualified",,393.36,"CapPass","Cycle 50",50,17194,"4-1-1","Alloy 617",314626,"Plate"
-182.36,-0.00101,"Qualified",,393.46,"CapPass","Cycle 50",50,17195,"4-1-1","Alloy 617",314626,"Plate"
-184.60,-0.00104,"Qualified",,393.50,"CapPass","Cycle 50",50,17196,"4-1-1","Alloy 617",314626,"Plate"
-187.08,-0.00106,"Qualified",,393.53,"CapPass","Cycle 50",50,17197,"4-1-1","Alloy 617",314626,"Plate"
-189.73,-0.00109,"Qualified",,393.56,"CapPass","Cycle 50",50,17198,"4-1-1","Alloy 617",314626,"Plate"
-192.49,-0.00111,"Qualified",,393.58,"CapPass","Cycle 50",50,17199,"4-1-1","Alloy 617",314626,"Plate"
-191.22,-0.00114,"Qualified",,393.60,"CapPass","Cycle 50",50,17200,"4-1-1","Alloy 617",314626,"Plate"
-191.44,-0.00118,"Qualified",,393.60,"CapPass","Cycle 50",50,17201,"4-1-1","Alloy 617",314626,"Plate"
-191.62,-0.00122,"Qualified",,393.60,"CapPass","Cycle 50",50,17202,"4-1-1","Alloy 617",314626,"Plate"
-191.81,-0.00127,"Qualified",,393.60,"CapPass","Cycle 50",50,17203,"4-1-1","Alloy 617",314626,"Plate"
-192.02,-0.00132,"Qualified",,393.61,"CapPass","Cycle 50",50,17204,"4-1-1","Alloy 617",314626,"Plate"
-192.22,-0.00136,"Qualified",,393.61,"CapPass","Cycle 50",50,17205,"4-1-1","Alloy 617",314626,"Plate"
-192.52,-0.00139,"Qualified",,393.61,"CapPass","Cycle 50",50,17206,"4-1-1","Alloy 617",314626,"Plate"
-185.47,-0.00136,"Qualified",,393.69,"CapPass","Cycle 50",50,17207,"4-1-1","Alloy 617",314626,"Plate"
-180.63,-0.00134,"Qualified",,393.72,"CapPass","Cycle 50",50,17208,"4-1-1","Alloy 617",314626,"Plate"
-181.02,-0.00135,"Qualified",,393.86,"CapPass","Cycle 50",50,17209,"4-1-1","Alloy 617",314626,"Plate"
-182.23,-0.00136,"Qualified",,393.87,"CapPass","Cycle 50",50,17210,"4-1-1","Alloy 617",314626,"Plate"
-185.41,-0.00139,"Qualified",,393.89,"CapPass","Cycle 50",50,17211,"4-1-1","Alloy 617",314626,"Plate"
-188.73,-0.00141,"Qualified",,393.91,"CapPass","Cycle 50",50,17212,"4-1-1","Alloy 617",314626,"Plate"
-192.05,-0.00144,"Qualified",,393.93,"CapPass","Cycle 50",50,17213,"4-1-1","Alloy 617",314626,"Plate"
-195.22,-0.00147,"Qualified",,393.95,"CapPass","Cycle 50",50,17214,"4-1-1","Alloy 617",314626,"Plate"
-198.45,-0.00149,"Qualified",,393.97,"CapPass","Cycle 50",50,17215,"4-1-1","Alloy 617",314626,"Plate"
-199.75,-0.00152,"Qualified",,393.99,"CapPass","Cycle 50",50,17216,"4-1-1","Alloy 617",314626,"Plate"
-198.67,-0.00154,"Qualified",,394.00,"CapPass","Cycle 50",50,17217,"4-1-1","Alloy 617",314626,"Plate"
-198.97,-0.00157,"Qualified",,394.00,"CapPass","Cycle 50",50,17218,"4-1-1","Alloy 617",314626,"Plate"
-199.27,-0.00160,"Qualified",,394.00,"CapPass","Cycle 50",50,17219,"4-1-1","Alloy 617",314626,"Plate"
-196.41,-0.00163,"Qualified",,394.01,"CapPass","Cycle 50",50,17220,"4-1-1","Alloy 617",314626,"Plate"
-197.46,-0.00160,"Qualified",,394.02,"CapPass","Cycle 50",50,17221,"4-1-1","Alloy 617",314626,"Plate"
-199.00,-0.00163,"Qualified",,394.03,"CapPass","Cycle 50",50,17222,"4-1-1","Alloy 617",314626,"Plate"
-200.32,-0.00165,"Qualified",,394.05,"CapPass","Cycle 50",50,17223,"4-1-1","Alloy 617",314626,"Plate"
-201.29,-0.00168,"Qualified",,394.07,"CapPass","Cycle 50",50,17224,"4-1-1","Alloy 617",314626,"Plate"
-202.32,-0.00170,"Qualified",,394.12,"CapPass","Cycle 50",50,17225,"4-1-1","Alloy 617",314626,"Plate"
-203.73,-0.00173,"Qualified",,394.18,"CapPass","Cycle 50",50,17226,"4-1-1","Alloy 617",314626,"Plate"
-205.91,-0.00175,"Qualified",,394.22,"CapPass","Cycle 50",50,17227,"4-1-1","Alloy 617",314626,"Plate"
-203.76,-0.00178,"Qualified",,394.24,"CapPass","Cycle 50",50,17228,"4-1-1","Alloy 617",314626,"Plate"
-203.81,-0.00181,"Qualified",,394.25,"CapPass","Cycle 50",50,17229,"4-1-1","Alloy 617",314626,"Plate"
-204.10,-0.00185,"Qualified",,394.25,"CapPass","Cycle 50",50,17230,"4-1-1","Alloy 617",314626,"Plate"
-204.19,-0.00188,"Qualified",,394.25,"CapPass","Cycle 50",50,17231,"4-1-1","Alloy 617",314626,"Plate"
-204.24,-0.00191,"Qualified",,394.25,"CapPass","Cycle 50",50,17232,"4-1-1","Alloy 617",314626,"Plate"
-204.29,-0.00194,"Qualified",,394.25,"CapPass","Cycle 50",50,17233,"4-1-1","Alloy 617",314626,"Plate"
-204.35,-0.00197,"Qualified",,394.25,"CapPass","Cycle 50",50,17234,"4-1-1","Alloy 617",314626,"Plate"
-204.44,-0.00200,"Qualified",,394.25,"CapPass","Cycle 50",50,17235,"4-1-1","Alloy 617",314626,"Plate"
-204.54,-0.00203,"Qualified",,394.25,"CapPass","Cycle 50",50,17236,"4-1-1","Alloy 617",314626,"Plate"
-204.77,-0.00206,"Qualified",,394.26,"CapPass","Cycle 50",50,17237,"4-1-1","Alloy 617",314626,"Plate"
-199.55,-0.00204,"Qualified",,394.32,"CapPass","Cycle 50",50,17238,"4-1-1","Alloy 617",314626,"Plate"
-194.98,-0.00201,"Qualified",,394.34,"CapPass","Cycle 50",50,17239,"4-1-1","Alloy 617",314626,"Plate"
-190.66,-0.00199,"Qualified",,394.36,"CapPass","Cycle 50",50,17240,"4-1-1","Alloy 617",314626,"Plate"
-186.55,-0.00196,"Qualified",,394.39,"CapPass","Cycle 50",50,17241,"4-1-1","Alloy 617",314626,"Plate"
-182.51,-0.00194,"Qualified",,394.42,"CapPass","Cycle 50",50,17242,"4-1-1","Alloy 617",314626,"Plate"
-178.94,-0.00191,"Qualified",,394.45,"CapPass","Cycle 50",50,17243,"4-1-1","Alloy 617",314626,"Plate"
-175.06,-0.00189,"Qualified",,394.48,"CapPass","Cycle 50",50,17244,"4-1-1","Alloy 617",314626,"Plate"
-170.96,-0.00186,"Qualified",,394.51,"CapPass","Cycle 50",50,17245,"4-1-1","Alloy 617",314626,"Plate"
-166.26,-0.00183,"Qualified",,394.55,"CapPass","Cycle 50",50,17246,"4-1-1","Alloy 617",314626,"Plate"
-161.95,-0.00181,"Qualified",,394.58,"CapPass","Cycle 50",50,17247,"4-1-1","Alloy 617",314626,"Plate"
-157.59,-0.00178,"Qualified",,394.61,"CapPass","Cycle 50",50,17248,"4-1-1","Alloy 617",314626,"Plate"
-153.31,-0.00176,"Qualified",,394.64,"CapPass","Cycle 50",50,17249,"4-1-1","Alloy 617",314626,"Plate"
-149.24,-0.00173,"Qualified",,394.66,"CapPass","Cycle 50",50,17250,"4-1-1","Alloy 617",314626,"Plate"
-145.03,-0.00171,"Qualified",,394.69,"CapPass","Cycle 50",50,17251,"4-1-1","Alloy 617",314626,"Plate"
-140.77,-0.00168,"Qualified",,394.71,"CapPass","Cycle 50",50,17252,"4-1-1","Alloy 617",314626,"Plate"
-136.50,-0.00166,"Qualified",,394.74,"CapPass","Cycle 50",50,17253,"4-1-1","Alloy 617",314626,"Plate"
-132.34,-0.00163,"Qualified",,394.77,"CapPass","Cycle 50",50,17254,"4-1-1","Alloy 617",314626,"Plate"
-128.58,-0.00161,"Qualified",,394.79,"CapPass","Cycle 50",50,17255,"4-1-1","Alloy 617",314626,"Plate"
-124.95,-0.00158,"Qualified",,394.81,"CapPass","Cycle 50",50,17256,"4-1-1","Alloy 617",314626,"Plate"
-121.40,-0.00155,"Qualified",,394.84,"CapPass","Cycle 50",50,17257,"4-1-1","Alloy 617",314626,"Plate"
-118.72,-0.00154,"Qualified",,394.86,"CapPass","Cycle 50",50,17258,"4-1-1","Alloy 617",314626,"Plate"
-117.89,-0.00153,"Qualified",,394.86,"CapPass","Cycle 50",50,17259,"4-1-1","Alloy 617",314626,"Plate"
-113.94,-0.00150,"Qualified",,394.89,"CapPass","Cycle 50",50,17260,"4-1-1","Alloy 617",314626,"Plate"
-110.18,-0.00148,"Qualified",,394.92,"CapPass","Cycle 50",50,17261,"4-1-1","Alloy 617",314626,"Plate"
-106.20,-0.00145,"Qualified",,394.95,"CapPass","Cycle 50",50,17262,"4-1-1","Alloy 617",314626,"Plate"
-102.46,-0.00143,"Qualified",,394.98,"CapPass","Cycle 50",50,17263,"4-1-1","Alloy 617",314626,"Plate"
-98.40,-0.00140,"Qualified",,395.01,"CapPass","Cycle 50",50,17264,"4-1-1","Alloy 617",314626,"Plate"
-94.59,-0.00138,"Qualified",,395.03,"CapPass","Cycle 50",50,17265,"4-1-1","Alloy 617",314626,"Plate"
-90.71,-0.00135,"Qualified",,395.06,"CapPass","Cycle 50",50,17266,"4-1-1","Alloy 617",314626,"Plate"
-86.99,-0.00133,"Qualified",,395.09,"CapPass","Cycle 50",50,17267,"4-1-1","Alloy 617",314626,"Plate"
-83.50,-0.00130,"Qualified",,395.11,"CapPass","Cycle 50",50,17268,"4-1-1","Alloy 617",314626,"Plate"
-79.69,-0.00127,"Qualified",,395.14,"CapPass","Cycle 50",50,17269,"4-1-1","Alloy 617",314626,"Plate"
-75.60,-0.00125,"Qualified",,395.17,"CapPass","Cycle 50",50,17270,"4-1-1","Alloy 617",314626,"Plate"
-71.84,-0.00122,"Qualified",,395.19,"CapPass","Cycle 50",50,17271,"4-1-1","Alloy 617",314626,"Plate"
-67.96,-0.00120,"Qualified",,395.22,"CapPass","Cycle 50",50,17272,"4-1-1","Alloy 617",314626,"Plate"
-64.27,-0.00117,"Qualified",,395.25,"CapPass","Cycle 50",50,17273,"4-1-1","Alloy 617",314626,"Plate"
-60.18,-0.00115,"Qualified",,395.28,"CapPass","Cycle 50",50,17274,"4-1-1","Alloy 617",314626,"Plate"
-56.57,-0.00112,"Qualified",,395.30,"CapPass","Cycle 50",50,17275,"4-1-1","Alloy 617",314626,"Plate"
-53.21,-0.00109,"Qualified",,395.33,"CapPass","Cycle 50",50,17276,"4-1-1","Alloy 617",314626,"Plate"
-49.47,-0.00107,"Qualified",,395.36,"CapPass","Cycle 50",50,17277,"4-1-1","Alloy 617",314626,"Plate"
-45.68,-0.00104,"Qualified",,395.38,"CapPass","Cycle 50",50,17278,"4-1-1","Alloy 617",314626,"Plate"
-41.98,-0.00102,"Qualified",,395.41,"CapPass","Cycle 50",50,17279,"4-1-1","Alloy 617",314626,"Plate"
-37.79,-0.00099,"Qualified",,395.44,"CapPass","Cycle 50",50,17280,"4-1-1","Alloy 617",314626,"Plate"
-34.11,-0.00097,"Qualified",,395.47,"CapPass","Cycle 50",50,17281,"4-1-1","Alloy 617",314626,"Plate"
-30.14,-0.00094,"Qualified",,395.50,"CapPass","Cycle 50",50,17282,"4-1-1","Alloy 617",314626,"Plate"
-26.92,-0.00092,"Qualified",,395.52,"CapPass","Cycle 50",50,17283,"4-1-1","Alloy 617",314626,"Plate"
-23.09,-0.00089,"Qualified",,395.55,"CapPass","Cycle 50",50,17284,"4-1-1","Alloy 617",314626,"Plate"
-19.33,-0.00086,"Qualified",,395.58,"CapPass","Cycle 50",50,17285,"4-1-1","Alloy 617",314626,"Plate"
-16.06,-0.00084,"Qualified",,395.60,"CapPass","Cycle 50",50,17286,"4-1-1","Alloy 617",314626,"Plate"
-12.56,-0.00081,"Qualified",,395.62,"CapPass","Cycle 50",50,17287,"4-1-1","Alloy 617",314626,"Plate"
-9.29,-0.00079,"Qualified",,395.65,"CapPass","Cycle 50",50,17288,"4-1-1","Alloy 617",314626,"Plate"
-5.73,-0.00076,"Qualified",,395.68,"CapPass","Cycle 50",50,17289,"4-1-1","Alloy 617",314626,"Plate"
-2.34,-0.00074,"Qualified",,395.70,"CapPass","Cycle 50",50,17290,"4-1-1","Alloy 617",314626,"Plate"
1.21,-0.00071,"Qualified",,395.73,"CapPass","Cycle 50",50,17291,"4-1-1","Alloy 617",314626,"Plate"
5.08,-0.00069,"Qualified",,395.76,"CapPass","Cycle 50",50,17292,"4-1-1","Alloy 617",314626,"Plate"
9.02,-0.00066,"Qualified",,395.79,"CapPass","Cycle 50",50,17293,"4-1-1","Alloy 617",314626,"Plate"
12.53,-0.00064,"Qualified",,395.82,"CapPass","Cycle 50",50,17294,"4-1-1","Alloy 617",314626,"Plate"
15.86,-0.00061,"Qualified",,395.85,"CapPass","Cycle 50",50,17295,"4-1-1","Alloy 617",314626,"Plate"
17.42,-0.00060,"Qualified",,395.86,"CapPass","Cycle 50",50,17296,"4-1-1","Alloy 617",314626,"Plate"
19.58,-0.00058,"Qualified",,395.87,"CapPass","Cycle 50",50,17297,"4-1-1","Alloy 617",314626,"Plate"
22.45,-0.00056,"Qualified",,395.90,"CapPass","Cycle 50",50,17298,"4-1-1","Alloy 617",314626,"Plate"
25.40,-0.00053,"Qualified",,395.92,"CapPass","Cycle 50",50,17299,"4-1-1","Alloy 617",314626,"Plate"
28.17,-0.00051,"Qualified",,395.96,"CapPass","Cycle 50",50,17300,"4-1-1","Alloy 617",314626,"Plate"
31.67,-0.00048,"Qualified",,396.02,"CapPass","Cycle 50",50,17301,"4-1-1","Alloy 617",314626,"Plate"
35.56,-0.00046,"Qualified",,396.06,"CapPass","Cycle 50",50,17302,"4-1-1","Alloy 617",314626,"Plate"
40.19,-0.00043,"Qualified",,396.09,"CapPass","Cycle 50",50,17303,"4-1-1","Alloy 617",314626,"Plate"
44.20,-0.00041,"Qualified",,396.11,"CapPass","Cycle 50",50,17304,"4-1-1","Alloy 617",314626,"Plate"
47.58,-0.00038,"Qualified",,396.13,"CapPass","Cycle 50",50,17305,"4-1-1","Alloy 617",314626,"Plate"
51.12,-0.00035,"Qualified",,396.15,"CapPass","Cycle 50",50,17306,"4-1-1","Alloy 617",314626,"Plate"
54.66,-0.00033,"Qualified",,396.17,"CapPass","Cycle 50",50,17307,"4-1-1","Alloy 617",314626,"Plate"
57.90,-0.00030,"Qualified",,396.20,"CapPass","Cycle 50",50,17308,"4-1-1","Alloy 617",314626,"Plate"
61.13,-0.00028,"Qualified",,396.23,"CapPass","Cycle 50",50,17309,"4-1-1","Alloy 617",314626,"Plate"
65.39,-0.00025,"Qualified",,396.27,"CapPass","Cycle 50",50,17310,"4-1-1","Alloy 617",314626,"Plate"
68.97,-0.00023,"Qualified",,396.31,"CapPass","Cycle 50",50,17311,"4-1-1","Alloy 617",314626,"Plate"
72.39,-0.00020,"Qualified",,396.34,"CapPass","Cycle 50",50,17312,"4-1-1","Alloy 617",314626,"Plate"
69.47,-0.00016,"Qualified",,788.78,"CapPass","Cycle 100",100,34081,"4-1-1","Alloy 617",314626,"Plate"
73.04,-0.00014,"Qualified",,788.83,"CapPass","Cycle 100",100,34082,"4-1-1","Alloy 617",314626,"Plate"
75.77,-0.00012,"Qualified",,788.86,"CapPass","Cycle 100",100,34083,"4-1-1","Alloy 617",314626,"Plate"
76.46,-0.00011,"Qualified",,788.87,"CapPass","Cycle 100",100,34084,"4-1-1","Alloy 617",314626,"Plate"
79.53,-0.00009,"Qualified",,788.90,"CapPass","Cycle 100",100,34085,"4-1-1","Alloy 617",314626,"Plate"
82.80,-0.00006,"Qualified",,788.92,"CapPass","Cycle 100",100,34086,"4-1-1","Alloy 617",314626,"Plate"
86.31,-0.00004,"Qualified",,788.95,"CapPass","Cycle 100",100,34087,"4-1-1","Alloy 617",314626,"Plate"
89.62,-0.00001,"Qualified",,788.98,"CapPass","Cycle 100",100,34088,"4-1-1","Alloy 617",314626,"Plate"
92.77,0.00001,"Qualified",,789.01,"CapPass","Cycle 100",100,34089,"4-1-1","Alloy 617",314626,"Plate"
96.20,0.00004,"Qualified",,789.03,"CapPass","Cycle 100",100,34090,"4-1-1","Alloy 617",314626,"Plate"
99.66,0.00006,"Qualified",,789.06,"CapPass","Cycle 100",100,34091,"4-1-1","Alloy 617",314626,"Plate"
103.35,0.00009,"Qualified",,789.09,"CapPass","Cycle 100",100,34092,"4-1-1","Alloy 617",314626,"Plate"
107.23,0.00011,"Qualified",,789.11,"CapPass","Cycle 100",100,34093,"4-1-1","Alloy 617",314626,"Plate"
111.23,0.00014,"Qualified",,789.13,"CapPass","Cycle 100",100,34094,"4-1-1","Alloy 617",314626,"Plate"
114.89,0.00017,"Qualified",,789.14,"CapPass","Cycle 100",100,34095,"4-1-1","Alloy 617",314626,"Plate"
118.49,0.00019,"Qualified",,789.16,"CapPass","Cycle 100",100,34096,"4-1-1","Alloy 617",314626,"Plate"
122.02,0.00022,"Qualified",,789.18,"CapPass","Cycle 100",100,34097,"4-1-1","Alloy 617",314626,"Plate"
125.33,0.00024,"Qualified",,789.19,"CapPass","Cycle 100",100,34098,"4-1-1","Alloy 617",314626,"Plate"
128.50,0.00027,"Qualified",,789.21,"CapPass","Cycle 100",100,34099,"4-1-1","Alloy 617",314626,"Plate"
131.96,0.00030,"Qualified",,789.23,"CapPass","Cycle 100",100,34100,"4-1-1","Alloy 617",314626,"Plate"
135.22,0.00032,"Qualified",,789.24,"CapPass","Cycle 100",100,34101,"4-1-1","Alloy 617",314626,"Plate"
138.38,0.00035,"Qualified",,789.26,"CapPass","Cycle 100",100,34102,"4-1-1","Alloy 617",314626,"Plate"
141.55,0.00037,"Qualified",,789.28,"CapPass","Cycle 100",100,34103,"4-1-1","Alloy 617",314626,"Plate"
144.69,0.00040,"Qualified",,789.30,"CapPass","Cycle 100",100,34104,"4-1-1","Alloy 617",314626,"Plate"
147.65,0.00043,"Qualified",,789.33,"CapPass","Cycle 100",100,34105,"4-1-1","Alloy 617",314626,"Plate"
150.71,0.00045,"Qualified",,789.35,"CapPass","Cycle 100",100,34106,"4-1-1","Alloy 617",314626,"Plate"
153.56,0.00048,"Qualified",,789.37,"CapPass","Cycle 100",100,34107,"4-1-1","Alloy 617",314626,"Plate"
156.07,0.00050,"Qualified",,789.40,"CapPass","Cycle 100",100,34108,"4-1-1","Alloy 617",314626,"Plate"
158.66,0.00053,"Qualified",,789.42,"CapPass","Cycle 100",100,34109,"4-1-1","Alloy 617",314626,"Plate"
161.20,0.00055,"Qualified",,789.45,"CapPass","Cycle 100",100,34110,"4-1-1","Alloy 617",314626,"Plate"
163.67,0.00058,"Qualified",,789.47,"CapPass","Cycle 100",100,34111,"4-1-1","Alloy 617",314626,"Plate"
166.41,0.00060,"Qualified",,789.50,"CapPass","Cycle 100",100,34112,"4-1-1","Alloy 617",314626,"Plate"
169.11,0.00063,"Qualified",,789.53,"CapPass","Cycle 100",100,34113,"4-1-1","Alloy 617",314626,"Plate"
171.84,0.00065,"Qualified",,789.55,"CapPass","Cycle 100",100,34114,"4-1-1","Alloy 617",314626,"Plate"
174.48,0.00068,"Qualified",,789.58,"CapPass","Cycle 100",100,34115,"4-1-1","Alloy 617",314626,"Plate"
177.26,0.00071,"Qualified",,789.61,"CapPass","Cycle 100",100,34116,"4-1-1","Alloy 617",314626,"Plate"
179.85,0.00073,"Qualified",,789.63,"CapPass","Cycle 100",100,34117,"4-1-1","Alloy 617",314626,"Plate"
181.97,0.00076,"Qualified",,789.65,"CapPass","Cycle 100",100,34118,"4-1-1","Alloy 617",314626,"Plate"
181.18,0.00079,"Qualified",,789.67,"CapPass","Cycle 100",100,34119,"4-1-1","Alloy 617",314626,"Plate"
181.46,0.00082,"Qualified",,789.67,"CapPass","Cycle 100",100,34120,"4-1-1","Alloy 617",314626,"Plate"
181.63,0.00085,"Qualified",,789.67,"CapPass","Cycle 100",100,34121,"4-1-1","Alloy 617",314626,"Plate"
181.82,0.00089,"Qualified",,789.67,"CapPass","Cycle 100",100,34122,"4-1-1","Alloy 617",314626,"Plate"
182.03,0.00092,"Qualified",,789.68,"CapPass","Cycle 100",100,34123,"4-1-1","Alloy 617",314626,"Plate"
182.23,0.00095,"Qualified",,789.68,"CapPass","Cycle 100",100,34124,"4-1-1","Alloy 617",314626,"Plate"
182.57,0.00098,"Qualified",,789.68,"CapPass","Cycle 100",100,34125,"4-1-1","Alloy 617",314626,"Plate"
173.60,0.00095,"Qualified",,789.79,"CapPass","Cycle 100",100,34126,"4-1-1","Alloy 617",314626,"Plate"
171.57,0.00094,"Qualified",,789.86,"CapPass","Cycle 100",100,34127,"4-1-1","Alloy 617",314626,"Plate"
176.38,0.00098,"Qualified",,789.92,"CapPass","Cycle 100",100,34128,"4-1-1","Alloy 617",314626,"Plate"
179.53,0.00100,"Qualified",,789.94,"CapPass","Cycle 100",100,34129,"4-1-1","Alloy 617",314626,"Plate"
182.63,0.00103,"Qualified",,789.96,"CapPass","Cycle 100",100,34130,"4-1-1","Alloy 617",314626,"Plate"
185.66,0.00105,"Qualified",,789.98,"CapPass","Cycle 100",100,34131,"4-1-1","Alloy 617",314626,"Plate"
188.68,0.00108,"Qualified",,790.00,"CapPass","Cycle 100",100,34132,"4-1-1","Alloy 617",314626,"Plate"
191.71,0.00110,"Qualified",,790.02,"CapPass","Cycle 100",100,34133,"4-1-1","Alloy 617",314626,"Plate"
193.72,0.00113,"Qualified",,790.04,"CapPass","Cycle 100",100,34134,"4-1-1","Alloy 617",314626,"Plate"
193.10,0.00116,"Qualified",,790.04,"CapPass","Cycle 100",100,34135,"4-1-1","Alloy 617",314626,"Plate"
193.67,0.00118,"Qualified",,790.05,"CapPass","Cycle 100",100,34136,"4-1-1","Alloy 617",314626,"Plate"
194.17,0.00121,"Qualified",,790.05,"CapPass","Cycle 100",100,34137,"4-1-1","Alloy 617",314626,"Plate"
195.28,0.00124,"Qualified",,790.07,"CapPass","Cycle 100",100,34138,"4-1-1","Alloy 617",314626,"Plate"
196.36,0.00126,"Qualified",,790.08,"CapPass","Cycle 100",100,34139,"4-1-1","Alloy 617",314626,"Plate"
197.18,0.00129,"Qualified",,790.14,"CapPass","Cycle 100",100,34140,"4-1-1","Alloy 617",314626,"Plate"
198.26,0.00132,"Qualified",,790.21,"CapPass","Cycle 100",100,34141,"4-1-1","Alloy 617",314626,"Plate"
200.84,0.00134,"Qualified",,790.26,"CapPass","Cycle 100",100,34142,"4-1-1","Alloy 617",314626,"Plate"
202.09,0.00137,"Qualified",,790.27,"CapPass","Cycle 100",100,34143,"4-1-1","Alloy 617",314626,"Plate"
199.19,0.00140,"Qualified",,790.30,"CapPass","Cycle 100",100,34144,"4-1-1","Alloy 617",314626,"Plate"
199.53,0.00143,"Qualified",,790.30,"CapPass","Cycle 100",100,34145,"4-1-1","Alloy 617",314626,"Plate"
199.74,0.00147,"Qualified",,790.30,"CapPass","Cycle 100",100,34146,"4-1-1","Alloy 617",314626,"Plate"
199.89,0.00150,"Qualified",,790.30,"CapPass","Cycle 100",100,34147,"4-1-1","Alloy 617",314626,"Plate"
199.97,0.00154,"Qualified",,790.30,"CapPass","Cycle 100",100,34148,"4-1-1","Alloy 617",314626,"Plate"
200.05,0.00158,"Qualified",,790.30,"CapPass","Cycle 100",100,34149,"4-1-1","Alloy 617",314626,"Plate"
200.15,0.00162,"Qualified",,790.30,"CapPass","Cycle 100",100,34150,"4-1-1","Alloy 617",314626,"Plate"
200.24,0.00166,"Qualified",,790.31,"CapPass","Cycle 100",100,34151,"4-1-1","Alloy 617",314626,"Plate"
200.33,0.00170,"Qualified",,790.31,"CapPass","Cycle 100",100,34152,"4-1-1","Alloy 617",314626,"Plate"
200.45,0.00174,"Qualified",,790.31,"CapPass","Cycle 100",100,34153,"4-1-1","Alloy 617",314626,"Plate"
200.56,0.00177,"Qualified",,790.31,"CapPass","Cycle 100",100,34154,"4-1-1","Alloy 617",314626,"Plate"
200.75,0.00181,"Qualified",,790.31,"CapPass","Cycle 100",100,34155,"4-1-1","Alloy 617",314626,"Plate"
201.19,0.00179,"Qualified",,790.32,"CapPass","Cycle 100",100,34156,"4-1-1","Alloy 617",314626,"Plate"
191.44,0.00176,"Qualified",,790.37,"CapPass","Cycle 100",100,34157,"4-1-1","Alloy 617",314626,"Plate"
187.06,0.00174,"Qualified",,790.38,"CapPass","Cycle 100",100,34158,"4-1-1","Alloy 617",314626,"Plate"
182.85,0.00171,"Qualified",,790.39,"CapPass","Cycle 100",100,34159,"4-1-1","Alloy 617",314626,"Plate"
178.80,0.00168,"Qualified",,790.40,"CapPass","Cycle 100",100,34160,"4-1-1","Alloy 617",314626,"Plate"
174.87,0.00166,"Qualified",,790.41,"CapPass","Cycle 100",100,34161,"4-1-1","Alloy 617",314626,"Plate"
171.35,0.00163,"Qualified",,790.42,"CapPass","Cycle 100",100,34162,"4-1-1","Alloy 617",314626,"Plate"
167.76,0.00160,"Qualified",,790.43,"CapPass","Cycle 100",100,34163,"4-1-1","Alloy 617",314626,"Plate"
164.32,0.00158,"Qualified",,790.45,"CapPass","Cycle 100",100,34164,"4-1-1","Alloy 617",314626,"Plate"
161.07,0.00155,"Qualified",,790.47,"CapPass","Cycle 100",100,34165,"4-1-1","Alloy 617",314626,"Plate"
166.15,0.00158,"Qualified",,790.55,"CapPass","Cycle 100",100,34166,"4-1-1","Alloy 617",314626,"Plate"
170.19,0.00160,"Qualified",,790.57,"CapPass","Cycle 100",100,34167,"4-1-1","Alloy 617",314626,"Plate"
173.93,0.00163,"Qualified",,790.59,"CapPass","Cycle 100",100,34168,"4-1-1","Alloy 617",314626,"Plate"
177.43,0.00165,"Qualified",,790.61,"CapPass","Cycle 100",100,34169,"4-1-1","Alloy 617",314626,"Plate"
180.83,0.00168,"Qualified",,790.62,"CapPass","Cycle 100",100,34170,"4-1-1","Alloy 617",314626,"Plate"
184.32,0.00171,"Qualified",,790.64,"CapPass","Cycle 100",100,34171,"4-1-1","Alloy 617",314626,"Plate"
187.64,0.00173,"Qualified",,790.65,"CapPass","Cycle 100",100,34172,"4-1-1","Alloy 617",314626,"Plate"
191.14,0.00176,"Qualified",,790.67,"CapPass","Cycle 100",100,34173,"4-1-1","Alloy 617",314626,"Plate"
194.38,0.00178,"Qualified",,790.69,"CapPass","Cycle 100",100,34174,"4-1-1","Alloy 617",314626,"Plate"
197.76,0.00181,"Qualified",,790.71,"CapPass","Cycle 100",100,34175,"4-1-1","Alloy 617",314626,"Plate"
200.90,0.00183,"Qualified",,790.73,"CapPass","Cycle 100",100,34176,"4-1-1","Alloy 617",314626,"Plate"
204.00,0.00186,"Qualified",,790.76,"CapPass","Cycle 100",100,34177,"4-1-1","Alloy 617",314626,"Plate"
206.66,0.00189,"Qualified",,790.79,"CapPass","Cycle 100",100,34178,"4-1-1","Alloy 617",314626,"Plate"
209.39,0.00191,"Qualified",,790.81,"CapPass","Cycle 100",100,34179,"4-1-1","Alloy 617",314626,"Plate"
209.51,0.00194,"Qualified",,790.86,"CapPass","Cycle 100",100,34180,"4-1-1","Alloy 617",314626,"Plate"
209.41,0.00194,"Qualified",,790.86,"CapPass","Cycle 100",100,34181,"4-1-1","Alloy 617",314626,"Plate"
209.19,0.00196,"Qualified",,790.87,"CapPass","Cycle 100",100,34182,"4-1-1","Alloy 617",314626,"Plate"
198.52,0.00194,"Qualified",,790.94,"CapPass","Cycle 100",100,34183,"4-1-1","Alloy 617",314626,"Plate"
193.70,0.00191,"Qualified",,790.96,"CapPass","Cycle 100",100,34184,"4-1-1","Alloy 617",314626,"Plate"
189.16,0.00189,"Qualified",,790.98,"CapPass","Cycle 100",100,34185,"4-1-1","Alloy 617",314626,"Plate"
184.80,0.00186,"Qualified",,791.00,"CapPass","Cycle 100",100,34186,"4-1-1","Alloy 617",314626,"Plate"
180.73,0.00184,"Qualified",,791.01,"CapPass","Cycle 100",100,34187,"4-1-1","Alloy 617",314626,"Plate"
176.82,0.00181,"Qualified",,791.03,"CapPass","Cycle 100",100,34188,"4-1-1","Alloy 617",314626,"Plate"
172.85,0.00178,"Qualified",,791.05,"CapPass","Cycle 100",100,34189,"4-1-1","Alloy 617",314626,"Plate"
169.00,0.00176,"Qualified",,791.06,"CapPass","Cycle 100",100,34190,"4-1-1","Alloy 617",314626,"Plate"
165.12,0.00173,"Qualified",,791.08,"CapPass","Cycle 100",100,34191,"4-1-1","Alloy 617",314626,"Plate"
161.52,0.00171,"Qualified",,791.10,"CapPass","Cycle 100",100,34192,"4-1-1","Alloy 617",314626,"Plate"
157.79,0.00168,"Qualified",,791.13,"CapPass","Cycle 100",100,34193,"4-1-1","Alloy 617",314626,"Plate"
153.52,0.00166,"Qualified",,791.16,"CapPass","Cycle 100",100,34194,"4-1-1","Alloy 617",314626,"Plate"
149.19,0.00163,"Qualified",,791.19,"CapPass","Cycle 100",100,34195,"4-1-1","Alloy 617",314626,"Plate"
145.26,0.00160,"Qualified",,791.22,"CapPass","Cycle 100",100,34196,"4-1-1","Alloy 617",314626,"Plate"
141.26,0.00158,"Qualified",,791.25,"CapPass","Cycle 100",100,34197,"4-1-1","Alloy 617",314626,"Plate"
137.66,0.00155,"Qualified",,791.28,"CapPass","Cycle 100",100,34198,"4-1-1","Alloy 617",314626,"Plate"
133.49,0.00153,"Qualified",,791.31,"CapPass","Cycle 100",100,34199,"4-1-1","Alloy 617",314626,"Plate"
129.64,0.00150,"Qualified",,791.33,"CapPass","Cycle 100",100,34200,"4-1-1","Alloy 617",314626,"Plate"
125.91,0.00148,"Qualified",,791.36,"CapPass","Cycle 100",100,34201,"4-1-1","Alloy 617",314626,"Plate"
122.11,0.00145,"Qualified",,791.39,"CapPass","Cycle 100",100,34202,"4-1-1","Alloy 617",314626,"Plate"
118.12,0.00143,"Qualified",,791.42,"CapPass","Cycle 100",100,34203,"4-1-1","Alloy 617",314626,"Plate"
114.39,0.00140,"Qualified",,791.44,"CapPass","Cycle 100",100,34204,"4-1-1","Alloy 617",314626,"Plate"
110.87,0.00137,"Qualified",,791.47,"CapPass","Cycle 100",100,34205,"4-1-1","Alloy 617",314626,"Plate"
107.02,0.00135,"Qualified",,791.50,"CapPass","Cycle 100",100,34206,"4-1-1","Alloy 617",314626,"Plate"
103.18,0.00132,"Qualified",,791.52,"CapPass","Cycle 100",100,34207,"4-1-1","Alloy 617",314626,"Plate"
99.39,0.00130,"Qualified",,791.55,"CapPass","Cycle 100",100,34208,"4-1-1","Alloy 617",314626,"Plate"
95.56,0.00127,"Qualified",,791.58,"CapPass","Cycle 100",100,34209,"4-1-1","Alloy 617",314626,"Plate"
91.91,0.00125,"Qualified",,791.61,"CapPass","Cycle 100",100,34210,"4-1-1","Alloy 617",314626,"Plate"
88.46,0.00122,"Qualified",,791.63,"CapPass","Cycle 100",100,34211,"4-1-1","Alloy 617",314626,"Plate"
84.92,0.00120,"Qualified",,791.66,"CapPass","Cycle 100",100,34212,"4-1-1","Alloy 617",314626,"Plate"
81.25,0.00117,"Qualified",,791.68,"CapPass","Cycle 100",100,34213,"4-1-1","Alloy 617",314626,"Plate"
77.76,0.00114,"Qualified",,791.71,"CapPass","Cycle 100",100,34214,"4-1-1","Alloy 617",314626,"Plate"
73.86,0.00112,"Qualified",,791.74,"CapPass","Cycle 100",100,34215,"4-1-1","Alloy 617",314626,"Plate"
69.71,0.00109,"Qualified",,791.77,"CapPass","Cycle 100",100,34216,"4-1-1","Alloy 617",314626,"Plate"
65.43,0.00107,"Qualified",,791.80,"CapPass","Cycle 100",100,34217,"4-1-1","Alloy 617",314626,"Plate"
61.38,0.00104,"Qualified",,791.83,"CapPass","Cycle 100",100,34218,"4-1-1","Alloy 617",314626,"Plate"
57.87,0.00102,"Qualified",,791.85,"CapPass","Cycle 100",100,34219,"4-1-1","Alloy 617",314626,"Plate"
57.30,0.00101,"Qualified",,791.86,"CapPass","Cycle 100",100,34220,"4-1-1","Alloy 617",314626,"Plate"
54.36,0.00099,"Qualified",,791.88,"CapPass","Cycle 100",100,34221,"4-1-1","Alloy 617",314626,"Plate"
50.85,0.00097,"Qualified",,791.90,"CapPass","Cycle 100",100,34222,"4-1-1","Alloy 617",314626,"Plate"
46.94,0.00094,"Qualified",,791.93,"CapPass","Cycle 100",100,34223,"4-1-1","Alloy 617",314626,"Plate"
43.16,0.00091,"Qualified",,791.96,"CapPass","Cycle 100",100,34224,"4-1-1","Alloy 617",314626,"Plate"
39.66,0.00089,"Qualified",,791.99,"CapPass","Cycle 100",100,34225,"4-1-1","Alloy 617",314626,"Plate"
36.33,0.00086,"Qualified",,792.01,"CapPass","Cycle 100",100,34226,"4-1-1","Alloy 617",314626,"Plate"
33.07,0.00084,"Qualified",,792.03,"CapPass","Cycle 100",100,34227,"4-1-1","Alloy 617",314626,"Plate"
29.53,0.00081,"Qualified",,792.06,"CapPass","Cycle 100",100,34228,"4-1-1","Alloy 617",314626,"Plate"
25.24,0.00079,"Qualified",,792.09,"CapPass","Cycle 100",100,34229,"4-1-1","Alloy 617",314626,"Plate"
21.53,0.00076,"Qualified",,792.12,"CapPass","Cycle 100",100,34230,"4-1-1","Alloy 617",314626,"Plate"
17.93,0.00074,"Qualified",,792.15,"CapPass","Cycle 100",100,34231,"4-1-1","Alloy 617",314626,"Plate"
14.67,0.00071,"Qualified",,792.17,"CapPass","Cycle 100",100,34232,"4-1-1","Alloy 617",314626,"Plate"
11.04,0.00069,"Qualified",,792.20,"CapPass","Cycle 100",100,34233,"4-1-1","Alloy 617",314626,"Plate"
7.70,0.00066,"Qualified",,792.23,"CapPass","Cycle 100",100,34234,"4-1-1","Alloy 617",314626,"Plate"
4.42,0.00064,"Qualified",,792.25,"CapPass","Cycle 100",100,34235,"4-1-1","Alloy 617",314626,"Plate"
1.62,0.00061,"Qualified",,792.27,"CapPass","Cycle 100",100,34236,"4-1-1","Alloy 617",314626,"Plate"
-2.01,0.00058,"Qualified",,792.30,"CapPass","Cycle 100",100,34237,"4-1-1","Alloy 617",314626,"Plate"
-5.11,0.00056,"Qualified",,792.33,"CapPass","Cycle 100",100,34238,"4-1-1","Alloy 617",314626,"Plate"
-8.48,0.00053,"Qualified",,792.36,"CapPass","Cycle 100",100,34239,"4-1-1","Alloy 617",314626,"Plate"
-11.68,0.00051,"Qualified",,792.39,"CapPass","Cycle 100",100,34240,"4-1-1","Alloy 617",314626,"Plate"
-15.00,0.00048,"Qualified",,792.41,"CapPass","Cycle 100",100,34241,"4-1-1","Alloy 617",314626,"Plate"
-17.94,0.00046,"Qualified",,792.45,"CapPass","Cycle 100",100,34242,"4-1-1","Alloy 617",314626,"Plate"
-20.50,0.00043,"Qualified",,792.50,"CapPass","Cycle 100",100,34243,"4-1-1","Alloy 617",314626,"Plate"
-23.10,0.00041,"Qualified",,792.60,"CapPass","Cycle 100",100,34244,"4-1-1","Alloy 617",314626,"Plate"
-26.53,0.00038,"Qualified",,792.64,"CapPass","Cycle 100",100,34245,"4-1-1","Alloy 617",314626,"Plate"
-29.81,0.00036,"Qualified",,792.67,"CapPass","Cycle 100",100,34246,"4-1-1","Alloy 617",314626,"Plate"
-33.79,0.00033,"Qualified",,792.71,"CapPass","Cycle 100",100,34247,"4-1-1","Alloy 617",314626,"Plate"
-37.41,0.00031,"Qualified",,792.73,"CapPass","Cycle 100",100,34248,"4-1-1","Alloy 617",314626,"Plate"
-40.88,0.00028,"Qualified",,792.76,"CapPass","Cycle 100",100,34249,"4-1-1","Alloy 617",314626,"Plate"
-44.92,0.00026,"Qualified",,792.78,"CapPass","Cycle 100",100,34250,"4-1-1","Alloy 617",314626,"Plate"
-48.46,0.00023,"Qualified",,792.80,"CapPass","Cycle 100",100,34251,"4-1-1","Alloy 617",314626,"Plate"
-51.74,0.00020,"Qualified",,792.82,"CapPass","Cycle 100",100,34252,"4-1-1","Alloy 617",314626,"Plate"
-55.93,0.00018,"Qualified",,792.83,"CapPass","Cycle 100",100,34253,"4-1-1","Alloy 617",314626,"Plate"
-59.48,0.00015,"Qualified",,792.85,"CapPass","Cycle 100",100,34254,"4-1-1","Alloy 617",314626,"Plate"
-61.93,0.00014,"Qualified",,792.86,"CapPass","Cycle 100",100,34255,"4-1-1","Alloy 617",314626,"Plate"
-63.04,0.00013,"Qualified",,792.86,"CapPass","Cycle 100",100,34256,"4-1-1","Alloy 617",314626,"Plate"
-66.49,0.00010,"Qualified",,792.88,"CapPass","Cycle 100",100,34257,"4-1-1","Alloy 617",314626,"Plate"
-69.84,0.00007,"Qualified",,792.90,"CapPass","Cycle 100",100,34258,"4-1-1","Alloy 617",314626,"Plate"
-73.52,0.00005,"Qualified",,792.91,"CapPass","Cycle 100",100,34259,"4-1-1","Alloy 617",314626,"Plate"
-76.92,0.00002,"Qualified",,792.93,"CapPass","Cycle 100",100,34260,"4-1-1","Alloy 617",314626,"Plate"
-80.32,-0.00000,"Qualified",,792.95,"CapPass","Cycle 100",100,34261,"4-1-1","Alloy 617",314626,"Plate"
-83.56,-0.00003,"Qualified",,792.96,"CapPass","Cycle 100",100,34262,"4-1-1","Alloy 617",314626,"Plate"
-87.03,-0.00005,"Qualified",,792.98,"CapPass","Cycle 100",100,34263,"4-1-1","Alloy 617",314626,"Plate"
-90.13,-0.00008,"Qualified",,793.00,"CapPass","Cycle 100",100,34264,"4-1-1","Alloy 617",314626,"Plate"
-93.61,-0.00011,"Qualified",,793.02,"CapPass","Cycle 100",100,34265,"4-1-1","Alloy 617",314626,"Plate"
-97.09,-0.00013,"Qualified",,793.04,"CapPass","Cycle 100",100,34266,"4-1-1","Alloy 617",314626,"Plate"
-100.30,-0.00016,"Qualified",,793.06,"CapPass","Cycle 100",100,34267,"4-1-1","Alloy 617",314626,"Plate"
-103.91,-0.00018,"Qualified",,793.08,"CapPass","Cycle 100",100,34268,"4-1-1","Alloy 617",314626,"Plate"
-107.75,-0.00021,"Qualified",,793.11,"CapPass","Cycle 100",100,34269,"4-1-1","Alloy 617",314626,"Plate"
-111.21,-0.00023,"Qualified",,793.13,"CapPass","Cycle 100",100,34270,"4-1-1","Alloy 617",314626,"Plate"
-114.58,-0.00026,"Qualified",,793.15,"CapPass","Cycle 100",100,34271,"4-1-1","Alloy 617",314626,"Plate"
-117.90,-0.00028,"Qualified",,793.18,"CapPass","Cycle 100",100,34272,"4-1-1","Alloy 617",314626,"Plate"
-120.79,-0.00031,"Qualified",,793.20,"CapPass","Cycle 100",100,34273,"4-1-1","Alloy 617",314626,"Plate"
-123.64,-0.00034,"Qualified",,793.22,"CapPass","Cycle 100",100,34274,"4-1-1","Alloy 617",314626,"Plate"
-126.93,-0.00036,"Qualified",,793.25,"CapPass","Cycle 100",100,34275,"4-1-1","Alloy 617",314626,"Plate"
-130.03,-0.00039,"Qualified",,793.27,"CapPass","Cycle 100",100,34276,"4-1-1","Alloy 617",314626,"Plate"
-133.09,-0.00041,"Qualified",,793.30,"CapPass","Cycle 100",100,34277,"4-1-1","Alloy 617",314626,"Plate"
-136.10,-0.00044,"Qualified",,793.33,"CapPass","Cycle 100",100,34278,"4-1-1","Alloy 617",314626,"Plate"
-138.99,-0.00046,"Qualified",,793.35,"CapPass","Cycle 100",100,34279,"4-1-1","Alloy 617",314626,"Plate"
-141.81,-0.00049,"Qualified",,793.38,"CapPass","Cycle 100",100,34280,"4-1-1","Alloy 617",314626,"Plate"
-144.92,-0.00051,"Qualified",,793.41,"CapPass","Cycle 100",100,34281,"4-1-1","Alloy 617",314626,"Plate"
-148.14,-0.00054,"Qualified",,793.44,"CapPass","Cycle 100",100,34282,"4-1-1","Alloy 617",314626,"Plate"
-151.44,-0.00057,"Qualified",,793.47,"CapPass","Cycle 100",100,34283,"4-1-1","Alloy 617",314626,"Plate"
-154.34,-0.00059,"Qualified",,793.49,"CapPass","Cycle 100",100,34284,"4-1-1","Alloy 617",314626,"Plate"
-157.40,-0.00062,"Qualified",,793.52,"CapPass","Cycle 100",100,34285,"4-1-1","Alloy 617",314626,"Plate"
-160.49,-0.00064,"Qualified",,793.54,"CapPass","Cycle 100",100,34286,"4-1-1","Alloy 617",314626,"Plate"
-163.47,-0.00067,"Qualified",,793.57,"CapPass","Cycle 100",100,34287,"4-1-1","Alloy 617",314626,"Plate"
-166.73,-0.00069,"Qualified",,793.59,"CapPass","Cycle 100",100,34288,"4-1-1","Alloy 617",314626,"Plate"
-169.74,-0.00072,"Qualified",,793.62,"CapPass","Cycle 100",100,34289,"4-1-1","Alloy 617",314626,"Plate"
-172.74,-0.00074,"Qualified",,793.65,"CapPass","Cycle 100",100,34290,"4-1-1","Alloy 617",314626,"Plate"
-175.78,-0.00077,"Qualified",,793.67,"CapPass","Cycle 100",100,34291,"4-1-1","Alloy 617",314626,"Plate"
-178.54,-0.00079,"Qualified",,793.70,"CapPass","Cycle 100",100,34292,"4-1-1","Alloy 617",314626,"Plate"
-181.12,-0.00082,"Qualified",,793.72,"CapPass","Cycle 100",100,34293,"4-1-1","Alloy 617",314626,"Plate"
-182.38,-0.00085,"Qualified",,793.74,"CapPass","Cycle 100",100,34294,"4-1-1","Alloy 617",314626,"Plate"
-183.52,-0.00087,"Qualified",,793.75,"CapPass","Cycle 100",100,34295,"4-1-1","Alloy 617",314626,"Plate"
-184.63,-0.00090,"Qualified",,793.76,"CapPass","Cycle 100",100,34296,"4-1-1","Alloy 617",314626,"Plate"
-186.70,-0.00092,"Qualified",,793.79,"CapPass","Cycle 100",100,34297,"4-1-1","Alloy 617",314626,"Plate"
-187.84,-0.00095,"Qualified",,793.80,"CapPass","Cycle 100",100,34298,"4-1-1","Alloy 617",314626,"Plate"
-188.18,-0.00097,"Qualified",,793.82,"CapPass","Cycle 100",100,34299,"4-1-1","Alloy 617",314626,"Plate"
-188.28,-0.00101,"Qualified",,793.83,"CapPass","Cycle 100",100,34300,"4-1-1","Alloy 617",314626,"Plate"
-188.43,-0.00103,"Qualified",,793.83,"CapPass","Cycle 100",100,34301,"4-1-1","Alloy 617",314626,"Plate"
-188.91,-0.00106,"Qualified",,793.86,"CapPass","Cycle 100",100,34302,"4-1-1","Alloy 617",314626,"Plate"
-188.82,-0.00106,"Qualified",,793.86,"CapPass","Cycle 100",100,34303,"4-1-1","Alloy 617",314626,"Plate"
-187.95,-0.00108,"Qualified",,794.00,"CapPass","Cycle 100",100,34304,"4-1-1","Alloy 617",314626,"Plate"
-190.53,-0.00111,"Qualified",,794.03,"CapPass","Cycle 100",100,34305,"4-1-1","Alloy 617",314626,"Plate"
-193.39,-0.00113,"Qualified",,794.06,"CapPass","Cycle 100",100,34306,"4-1-1","Alloy 617",314626,"Plate"
-196.19,-0.00116,"Qualified",,794.08,"CapPass","Cycle 100",100,34307,"4-1-1","Alloy 617",314626,"Plate"
-197.10,-0.00119,"Qualified",,794.10,"CapPass","Cycle 100",100,34308,"4-1-1","Alloy 617",314626,"Plate"
-197.41,-0.00121,"Qualified",,794.11,"CapPass","Cycle 100",100,34309,"4-1-1","Alloy 617",314626,"Plate"
-197.76,-0.00124,"Qualified",,794.11,"CapPass","Cycle 100",100,34310,"4-1-1","Alloy 617",314626,"Plate"
-198.11,-0.00128,"Qualified",,794.11,"CapPass","Cycle 100",100,34311,"4-1-1","Alloy 617",314626,"Plate"
-198.47,-0.00131,"Qualified",,794.12,"CapPass","Cycle 100",100,34312,"4-1-1","Alloy 617",314626,"Plate"
-200.02,-0.00133,"Qualified",,794.13,"CapPass","Cycle 100",100,34313,"4-1-1","Alloy 617",314626,"Plate"
-198.99,-0.00136,"Qualified",,794.14,"CapPass","Cycle 100",100,34314,"4-1-1","Alloy 617",314626,"Plate"
-199.04,-0.00139,"Qualified",,794.15,"CapPass","Cycle 100",100,34315,"4-1-1","Alloy 617",314626,"Plate"
-199.11,-0.00142,"Qualified",,794.15,"CapPass","Cycle 100",100,34316,"4-1-1","Alloy 617",314626,"Plate"
-199.21,-0.00145,"Qualified",,794.15,"CapPass","Cycle 100",100,34317,"4-1-1","Alloy 617",314626,"Plate"
-189.46,-0.00142,"Qualified",,794.25,"CapPass","Cycle 100",100,34318,"4-1-1","Alloy 617",314626,"Plate"
-190.84,-0.00145,"Qualified",,794.39,"CapPass","Cycle 100",100,34319,"4-1-1","Alloy 617",314626,"Plate"
-194.17,-0.00147,"Qualified",,794.41,"CapPass","Cycle 100",100,34320,"4-1-1","Alloy 617",314626,"Plate"
-197.40,-0.00150,"Qualified",,794.43,"CapPass","Cycle 100",100,34321,"4-1-1","Alloy 617",314626,"Plate"
-200.66,-0.00152,"Qualified",,794.46,"CapPass","Cycle 100",100,34322,"4-1-1","Alloy 617",314626,"Plate"
-203.92,-0.00155,"Qualified",,794.48,"CapPass","Cycle 100",100,34323,"4-1-1","Alloy 617",314626,"Plate"
-207.29,-0.00158,"Qualified",,794.50,"CapPass","Cycle 100",100,34324,"4-1-1","Alloy 617",314626,"Plate"
-209.60,-0.00160,"Qualified",,794.52,"CapPass","Cycle 100",100,34325,"4-1-1","Alloy 617",314626,"Plate"
-209.32,-0.00163,"Qualified",,794.53,"CapPass","Cycle 100",100,34326,"4-1-1","Alloy 617",314626,"Plate"
-209.85,-0.00166,"Qualified",,794.54,"CapPass","Cycle 100",100,34327,"4-1-1","Alloy 617",314626,"Plate"
-209.36,-0.00169,"Qualified",,794.54,"CapPass","Cycle 100",100,34328,"4-1-1","Alloy 617",314626,"Plate"
-208.65,-0.00172,"Qualified",,794.55,"CapPass","Cycle 100",100,34329,"4-1-1","Alloy 617",314626,"Plate"
-208.65,-0.00175,"Qualified",,794.55,"CapPass","Cycle 100",100,34330,"4-1-1","Alloy 617",314626,"Plate"
-208.70,-0.00178,"Qualified",,794.55,"CapPass","Cycle 100",100,34331,"4-1-1","Alloy 617",314626,"Plate"
-208.79,-0.00182,"Qualified",,794.55,"CapPass","Cycle 100",100,34332,"4-1-1","Alloy 617",314626,"Plate"
-208.90,-0.00184,"Qualified",,794.55,"CapPass","Cycle 100",100,34333,"4-1-1","Alloy 617",314626,"Plate"
-209.00,-0.00187,"Qualified",,794.56,"CapPass","Cycle 100",100,34334,"4-1-1","Alloy 617",314626,"Plate"
-209.36,-0.00190,"Qualified",,794.58,"CapPass","Cycle 100",100,34335,"4-1-1","Alloy 617",314626,"Plate"
-200.22,-0.00187,"Qualified",,794.64,"CapPass","Cycle 100",100,34336,"4-1-1","Alloy 617",314626,"Plate"
-195.53,-0.00185,"Qualified",,794.67,"CapPass","Cycle 100",100,34337,"4-1-1","Alloy 617",314626,"Plate"
-190.74,-0.00182,"Qualified",,794.71,"CapPass","Cycle 100",100,34338,"4-1-1","Alloy 617",314626,"Plate"
-193.77,-0.00185,"Qualified",,794.80,"CapPass","Cycle 100",100,34339,"4-1-1","Alloy 617",314626,"Plate"
-197.03,-0.00188,"Qualified",,794.83,"CapPass","Cycle 100",100,34340,"4-1-1","Alloy 617",314626,"Plate"
-199.89,-0.00190,"Qualified",,794.86,"CapPass","Cycle 100",100,34341,"4-1-1","Alloy 617",314626,"Plate"
-199.98,-0.00190,"Qualified",,794.86,"CapPass","Cycle 100",100,34342,"4-1-1","Alloy 617",314626,"Plate"
-190.74,-0.00188,"Qualified",,794.99,"CapPass","Cycle 100",100,34343,"4-1-1","Alloy 617",314626,"Plate"
-186.65,-0.00185,"Qualified",,795.01,"CapPass","Cycle 100",100,34344,"4-1-1","Alloy 617",314626,"Plate"
-182.68,-0.00182,"Qualified",,795.03,"CapPass","Cycle 100",100,34345,"4-1-1","Alloy 617",314626,"Plate"
-178.54,-0.00180,"Qualified",,795.04,"CapPass","Cycle 100",100,34346,"4-1-1","Alloy 617",314626,"Plate"
-174.58,-0.00177,"Qualified",,795.06,"CapPass","Cycle 100",100,34347,"4-1-1","Alloy 617",314626,"Plate"
-170.79,-0.00175,"Qualified",,795.08,"CapPass","Cycle 100",100,34348,"4-1-1","Alloy 617",314626,"Plate"
-167.00,-0.00172,"Qualified",,795.10,"CapPass","Cycle 100",100,34349,"4-1-1","Alloy 617",314626,"Plate"
-163.31,-0.00170,"Qualified",,795.12,"CapPass","Cycle 100",100,34350,"4-1-1","Alloy 617",314626,"Plate"
-159.32,-0.00167,"Qualified",,795.14,"CapPass","Cycle 100",100,34351,"4-1-1","Alloy 617",314626,"Plate"
-155.34,-0.00165,"Qualified",,795.17,"CapPass","Cycle 100",100,34352,"4-1-1","Alloy 617",314626,"Plate"
-151.52,-0.00162,"Qualified",,795.20,"CapPass","Cycle 100",100,34353,"4-1-1","Alloy 617",314626,"Plate"
-147.56,-0.00160,"Qualified",,795.23,"CapPass","Cycle 100",100,34354,"4-1-1","Alloy 617",314626,"Plate"
-143.02,-0.00157,"Qualified",,795.26,"CapPass","Cycle 100",100,34355,"4-1-1","Alloy 617",314626,"Plate"
-138.41,-0.00154,"Qualified",,795.29,"CapPass","Cycle 100",100,34356,"4-1-1","Alloy 617",314626,"Plate"
-133.97,-0.00152,"Qualified",,795.32,"CapPass","Cycle 100",100,34357,"4-1-1","Alloy 617",314626,"Plate"
-129.81,-0.00149,"Qualified",,795.35,"CapPass","Cycle 100",100,34358,"4-1-1","Alloy 617",314626,"Plate"
-125.92,-0.00147,"Qualified",,795.38,"CapPass","Cycle 100",100,34359,"4-1-1","Alloy 617",314626,"Plate"
-122.03,-0.00144,"Qualified",,795.40,"CapPass","Cycle 100",100,34360,"4-1-1","Alloy 617",314626,"Plate"
-118.05,-0.00142,"Qualified",,795.43,"CapPass","Cycle 100",100,34361,"4-1-1","Alloy 617",314626,"Plate"
-113.93,-0.00139,"Qualified",,795.46,"CapPass","Cycle 100",100,34362,"4-1-1","Alloy 617",314626,"Plate"
-110.10,-0.00137,"Qualified",,795.48,"CapPass","Cycle 100",100,34363,"4-1-1","Alloy 617",314626,"Plate"
-106.25,-0.00134,"Qualified",,795.51,"CapPass","Cycle 100",100,34364,"4-1-1","Alloy 617",314626,"Plate"
-101.96,-0.00132,"Qualified",,795.54,"CapPass","Cycle 100",100,34365,"4-1-1","Alloy 617",314626,"Plate"
-97.67,-0.00129,"Qualified",,795.57,"CapPass","Cycle 100",100,34366,"4-1-1","Alloy 617",314626,"Plate"
-93.41,-0.00127,"Qualified",,795.59,"CapPass","Cycle 100",100,34367,"4-1-1","Alloy 617",314626,"Plate"
-89.54,-0.00124,"Qualified",,795.62,"CapPass","Cycle 100",100,34368,"4-1-1","Alloy 617",314626,"Plate"
-85.96,-0.00121,"Qualified",,795.64,"CapPass","Cycle 100",100,34369,"4-1-1","Alloy 617",314626,"Plate"
-82.05,-0.00119,"Qualified",,795.67,"CapPass","Cycle 100",100,34370,"4-1-1","Alloy 617",314626,"Plate"
-78.27,-0.00116,"Qualified",,795.69,"CapPass","Cycle 100",100,34371,"4-1-1","Alloy 617",314626,"Plate"
-74.76,-0.00114,"Qualified",,795.72,"CapPass","Cycle 100",100,34372,"4-1-1","Alloy 617",314626,"Plate"
-71.37,-0.00111,"Qualified",,795.74,"CapPass","Cycle 100",100,34373,"4-1-1","Alloy 617",314626,"Plate"
-67.68,-0.00109,"Qualified",,795.77,"CapPass","Cycle 100",100,34374,"4-1-1","Alloy 617",314626,"Plate"
-64.05,-0.00106,"Qualified",,795.80,"CapPass","Cycle 100",100,34375,"4-1-1","Alloy 617",314626,"Plate"
-60.88,-0.00104,"Qualified",,795.82,"CapPass","Cycle 100",100,34376,"4-1-1","Alloy 617",314626,"Plate"
-57.07,-0.00101,"Qualified",,795.85,"CapPass","Cycle 100",100,34377,"4-1-1","Alloy 617",314626,"Plate"
-56.11,-0.00100,"Qualified",,795.86,"CapPass","Cycle 100",100,34378,"4-1-1","Alloy 617",314626,"Plate"
-53.29,-0.00099,"Qualified",,795.88,"CapPass","Cycle 100",100,34379,"4-1-1","Alloy 617",314626,"Plate"
-49.37,-0.00096,"Qualified",,795.91,"CapPass","Cycle 100",100,34380,"4-1-1","Alloy 617",314626,"Plate"
-45.73,-0.00093,"Qualified",,795.94,"CapPass","Cycle 100",100,34381,"4-1-1","Alloy 617",314626,"Plate"
-41.77,-0.00091,"Qualified",,795.97,"CapPass","Cycle 100",100,34382,"4-1-1","Alloy 617",314626,"Plate"
-37.86,-0.00088,"Qualified",,795.99,"CapPass","Cycle 100",100,34383,"4-1-1","Alloy 617",314626,"Plate"
-33.86,-0.00086,"Qualified",,796.02,"CapPass","Cycle 100",100,34384,"4-1-1","Alloy 617",314626,"Plate"
-29.54,-0.00083,"Qualified",,796.05,"CapPass","Cycle 100",100,34385,"4-1-1","Alloy 617",314626,"Plate"
-25.50,-0.00081,"Qualified",,796.08,"CapPass","Cycle 100",100,34386,"4-1-1","Alloy 617",314626,"Plate"
-21.48,-0.00078,"Qualified",,796.11,"CapPass","Cycle 100",100,34387,"4-1-1","Alloy 617",314626,"Plate"
-17.51,-0.00075,"Qualified",,796.14,"CapPass","Cycle 100",100,34388,"4-1-1","Alloy 617",314626,"Plate"
-13.59,-0.00073,"Qualified",,796.16,"CapPass","Cycle 100",100,34389,"4-1-1","Alloy 617",314626,"Plate"
-10.02,-0.00070,"Qualified",,796.19,"CapPass","Cycle 100",100,34390,"4-1-1","Alloy 617",314626,"Plate"
-6.52,-0.00068,"Qualified",,796.21,"CapPass","Cycle 100",100,34391,"4-1-1","Alloy 617",314626,"Plate"
-2.40,-0.00065,"Qualified",,796.24,"CapPass","Cycle 100",100,34392,"4-1-1","Alloy 617",314626,"Plate"
1.53,-0.00063,"Qualified",,796.27,"CapPass","Cycle 100",100,34393,"4-1-1","Alloy 617",314626,"Plate"
5.29,-0.00060,"Qualified",,796.30,"CapPass","Cycle 100",100,34394,"4-1-1","Alloy 617",314626,"Plate"
9.35,-0.00058,"Qualified",,796.32,"CapPass","Cycle 100",100,34395,"4-1-1","Alloy 617",314626,"Plate"
12.71,-0.00055,"Qualified",,796.35,"CapPass","Cycle 100",100,34396,"4-1-1","Alloy 617",314626,"Plate"
16.35,-0.00053,"Qualified",,796.37,"CapPass","Cycle 100",100,34397,"4-1-1","Alloy 617",314626,"Plate"
20.12,-0.00050,"Qualified",,796.40,"CapPass","Cycle 100",100,34398,"4-1-1","Alloy 617",314626,"Plate"
23.53,-0.00048,"Qualified",,796.43,"CapPass","Cycle 100",100,34399,"4-1-1","Alloy 617",314626,"Plate"
26.78,-0.00045,"Qualified",,796.46,"CapPass","Cycle 100",100,34400,"4-1-1","Alloy 617",314626,"Plate"
30.22,-0.00043,"Qualified",,796.50,"CapPass","Cycle 100",100,34401,"4-1-1","Alloy 617",314626,"Plate"
33.88,-0.00040,"Qualified",,796.55,"CapPass","Cycle 100",100,34402,"4-1-1","Alloy 617",314626,"Plate"
37.60,-0.00037,"Qualified",,796.59,"CapPass","Cycle 100",100,34403,"4-1-1","Alloy 617",314626,"Plate"
41.50,-0.00035,"Qualified",,796.61,"CapPass","Cycle 100",100,34404,"4-1-1","Alloy 617",314626,"Plate"
45.47,-0.00032,"Qualified",,796.63,"CapPass","Cycle 100",100,34405,"4-1-1","Alloy 617",314626,"Plate"
48.84,-0.00030,"Qualified",,796.65,"CapPass","Cycle 100",100,34406,"4-1-1","Alloy 617",314626,"Plate"
52.18,-0.00027,"Qualified",,796.67,"CapPass","Cycle 100",100,34407,"4-1-1","Alloy 617",314626,"Plate"
55.56,-0.00025,"Qualified",,796.70,"CapPass","Cycle 100",100,34408,"4-1-1","Alloy 617",314626,"Plate"
58.85,-0.00022,"Qualified",,796.72,"CapPass","Cycle 100",100,34409,"4-1-1","Alloy 617",314626,"Plate"
61.83,-0.00020,"Qualified",,796.75,"CapPass","Cycle 100",100,34410,"4-1-1","Alloy 617",314626,"Plate"
64.86,-0.00017,"Qualified",,796.78,"CapPass","Cycle 100",100,34411,"4-1-1","Alloy 617",314626,"Plate"
66.91,-0.00017,"Qualified",,1589.66,"CapPass","Cycle 200",200,35444,"4-1-1","Alloy 617",314626,"Plate"
70.01,-0.00014,"Qualified",,1589.69,"CapPass","Cycle 200",200,35445,"4-1-1","Alloy 617",314626,"Plate"
73.29,-0.00012,"Qualified",,1589.73,"CapPass","Cycle 200",200,35446,"4-1-1","Alloy 617",314626,"Plate"
77.62,-0.00009,"Qualified",,1589.77,"CapPass","Cycle 200",200,35447,"4-1-1","Alloy 617",314626,"Plate"
81.63,-0.00007,"Qualified",,1589.81,"CapPass","Cycle 200",200,35448,"4-1-1","Alloy 617",314626,"Plate"
85.26,-0.00004,"Qualified",,1589.84,"CapPass","Cycle 200",200,35449,"4-1-1","Alloy 617",314626,"Plate"
87.97,-0.00002,"Qualified",,1589.86,"CapPass","Cycle 200",200,35450,"4-1-1","Alloy 617",314626,"Plate"
88.86,-0.00002,"Qualified",,1589.87,"CapPass","Cycle 200",200,35451,"4-1-1","Alloy 617",314626,"Plate"
92.56,0.00001,"Qualified",,1589.89,"CapPass","Cycle 200",200,35452,"4-1-1","Alloy 617",314626,"Plate"
96.03,0.00003,"Qualified",,1589.92,"CapPass","Cycle 200",200,35453,"4-1-1","Alloy 617",314626,"Plate"
99.23,0.00006,"Qualified",,1589.94,"CapPass","Cycle 200",200,35454,"4-1-1","Alloy 617",314626,"Plate"
102.29,0.00009,"Qualified",,1589.97,"CapPass","Cycle 200",200,35455,"4-1-1","Alloy 617",314626,"Plate"
105.99,0.00011,"Qualified",,1589.99,"CapPass","Cycle 200",200,35456,"4-1-1","Alloy 617",314626,"Plate"
109.88,0.00014,"Qualified",,1590.01,"CapPass","Cycle 200",200,35457,"4-1-1","Alloy 617",314626,"Plate"
113.60,0.00016,"Qualified",,1590.03,"CapPass","Cycle 200",200,35458,"4-1-1","Alloy 617",314626,"Plate"
117.45,0.00019,"Qualified",,1590.05,"CapPass","Cycle 200",200,35459,"4-1-1","Alloy 617",314626,"Plate"
121.13,0.00021,"Qualified",,1590.07,"CapPass","Cycle 200",200,35460,"4-1-1","Alloy 617",314626,"Plate"
124.87,0.00024,"Qualified",,1590.08,"CapPass","Cycle 200",200,35461,"4-1-1","Alloy 617",314626,"Plate"
128.40,0.00027,"Qualified",,1590.10,"CapPass","Cycle 200",200,35462,"4-1-1","Alloy 617",314626,"Plate"
131.96,0.00029,"Qualified",,1590.12,"CapPass","Cycle 200",200,35463,"4-1-1","Alloy 617",314626,"Plate"
135.08,0.00032,"Qualified",,1590.13,"CapPass","Cycle 200",200,35464,"4-1-1","Alloy 617",314626,"Plate"
138.25,0.00034,"Qualified",,1590.15,"CapPass","Cycle 200",200,35465,"4-1-1","Alloy 617",314626,"Plate"
141.28,0.00037,"Qualified",,1590.17,"CapPass","Cycle 200",200,35466,"4-1-1","Alloy 617",314626,"Plate"
144.39,0.00040,"Qualified",,1590.18,"CapPass","Cycle 200",200,35467,"4-1-1","Alloy 617",314626,"Plate"
147.46,0.00042,"Qualified",,1590.20,"CapPass","Cycle 200",200,35468,"4-1-1","Alloy 617",314626,"Plate"
150.36,0.00045,"Qualified",,1590.23,"CapPass","Cycle 200",200,35469,"4-1-1","Alloy 617",314626,"Plate"
153.44,0.00047,"Qualified",,1590.25,"CapPass","Cycle 200",200,35470,"4-1-1","Alloy 617",314626,"Plate"
156.25,0.00050,"Qualified",,1590.27,"CapPass","Cycle 200",200,35471,"4-1-1","Alloy 617",314626,"Plate"
159.04,0.00052,"Qualified",,1590.30,"CapPass","Cycle 200",200,35472,"4-1-1","Alloy 617",314626,"Plate"
162.07,0.00055,"Qualified",,1590.33,"CapPass","Cycle 200",200,35473,"4-1-1","Alloy 617",314626,"Plate"
164.89,0.00057,"Qualified",,1590.35,"CapPass","Cycle 200",200,35474,"4-1-1","Alloy 617",314626,"Plate"
167.52,0.00060,"Qualified",,1590.38,"CapPass","Cycle 200",200,35475,"4-1-1","Alloy 617",314626,"Plate"
170.36,0.00063,"Qualified",,1590.41,"CapPass","Cycle 200",200,35476,"4-1-1","Alloy 617",314626,"Plate"
172.89,0.00065,"Qualified",,1590.43,"CapPass","Cycle 200",200,35477,"4-1-1","Alloy 617",314626,"Plate"
175.36,0.00068,"Qualified",,1590.45,"CapPass","Cycle 200",200,35478,"4-1-1","Alloy 617",314626,"Plate"
177.71,0.00070,"Qualified",,1590.48,"CapPass","Cycle 200",200,35479,"4-1-1","Alloy 617",314626,"Plate"
179.99,0.00073,"Qualified",,1590.50,"CapPass","Cycle 200",200,35480,"4-1-1","Alloy 617",314626,"Plate"
182.14,0.00075,"Qualified",,1590.52,"CapPass","Cycle 200",200,35481,"4-1-1","Alloy 617",314626,"Plate"
184.33,0.00078,"Qualified",,1590.55,"CapPass","Cycle 200",200,35482,"4-1-1","Alloy 617",314626,"Plate"
186.04,0.00080,"Qualified",,1590.57,"CapPass","Cycle 200",200,35483,"4-1-1","Alloy 617",314626,"Plate"
187.64,0.00083,"Qualified",,1590.59,"CapPass","Cycle 200",200,35484,"4-1-1","Alloy 617",314626,"Plate"
187.67,0.00086,"Qualified",,1590.61,"CapPass","Cycle 200",200,35485,"4-1-1","Alloy 617",314626,"Plate"
187.88,0.00089,"Qualified",,1590.61,"CapPass","Cycle 200",200,35486,"4-1-1","Alloy 617",314626,"Plate"
187.96,0.00092,"Qualified",,1590.61,"CapPass","Cycle 200",200,35487,"4-1-1","Alloy 617",314626,"Plate"
188.07,0.00095,"Qualified",,1590.62,"CapPass","Cycle 200",200,35488,"4-1-1","Alloy 617",314626,"Plate"
188.27,0.00098,"Qualified",,1590.62,"CapPass","Cycle 200",200,35489,"4-1-1","Alloy 617",314626,"Plate"
188.38,0.00100,"Qualified",,1590.63,"CapPass","Cycle 200",200,35490,"4-1-1","Alloy 617",314626,"Plate"
188.44,0.00103,"Qualified",,1590.63,"CapPass","Cycle 200",200,35491,"4-1-1","Alloy 617",314626,"Plate"
187.65,0.00106,"Qualified",,1590.66,"CapPass","Cycle 200",200,35492,"4-1-1","Alloy 617",314626,"Plate"
180.20,0.00103,"Qualified",,1590.72,"CapPass","Cycle 200",200,35493,"4-1-1","Alloy 617",314626,"Plate"
179.50,0.00104,"Qualified",,1590.86,"CapPass","Cycle 200",200,35494,"4-1-1","Alloy 617",314626,"Plate"
181.25,0.00106,"Qualified",,1590.87,"CapPass","Cycle 200",200,35495,"4-1-1","Alloy 617",314626,"Plate"
184.66,0.00108,"Qualified",,1590.90,"CapPass","Cycle 200",200,35496,"4-1-1","Alloy 617",314626,"Plate"
187.97,0.00111,"Qualified",,1590.92,"CapPass","Cycle 200",200,35497,"4-1-1","Alloy 617",314626,"Plate"
191.11,0.00113,"Qualified",,1590.94,"CapPass","Cycle 200",200,35498,"4-1-1","Alloy 617",314626,"Plate"
194.10,0.00116,"Qualified",,1590.96,"CapPass","Cycle 200",200,35499,"4-1-1","Alloy 617",314626,"Plate"
197.06,0.00119,"Qualified",,1590.98,"CapPass","Cycle 200",200,35500,"4-1-1","Alloy 617",314626,"Plate"
199.12,0.00121,"Qualified",,1591.00,"CapPass","Cycle 200",200,35501,"4-1-1","Alloy 617",314626,"Plate"
199.05,0.00124,"Qualified",,1591.01,"CapPass","Cycle 200",200,35502,"4-1-1","Alloy 617",314626,"Plate"
199.59,0.00126,"Qualified",,1591.01,"CapPass","Cycle 200",200,35503,"4-1-1","Alloy 617",314626,"Plate"
200.19,0.00129,"Qualified",,1591.02,"CapPass","Cycle 200",200,35504,"4-1-1","Alloy 617",314626,"Plate"
200.93,0.00132,"Qualified",,1591.03,"CapPass","Cycle 200",200,35505,"4-1-1","Alloy 617",314626,"Plate"
201.24,0.00134,"Qualified",,1591.05,"CapPass","Cycle 200",200,35506,"4-1-1","Alloy 617",314626,"Plate"
201.09,0.00137,"Qualified",,1591.06,"CapPass","Cycle 200",200,35507,"4-1-1","Alloy 617",314626,"Plate"
201.12,0.00141,"Qualified",,1591.06,"CapPass","Cycle 200",200,35508,"4-1-1","Alloy 617",314626,"Plate"
201.17,0.00143,"Qualified",,1591.06,"CapPass","Cycle 200",200,35509,"4-1-1","Alloy 617",314626,"Plate"
201.28,0.00146,"Qualified",,1591.06,"CapPass","Cycle 200",200,35510,"4-1-1","Alloy 617",314626,"Plate"
190.64,0.00144,"Qualified",,1591.19,"CapPass","Cycle 200",200,35511,"4-1-1","Alloy 617",314626,"Plate"
193.37,0.00146,"Qualified",,1591.28,"CapPass","Cycle 200",200,35512,"4-1-1","Alloy 617",314626,"Plate"
196.32,0.00149,"Qualified",,1591.30,"CapPass","Cycle 200",200,35513,"4-1-1","Alloy 617",314626,"Plate"
199.47,0.00151,"Qualified",,1591.33,"CapPass","Cycle 200",200,35514,"4-1-1","Alloy 617",314626,"Plate"
202.43,0.00154,"Qualified",,1591.35,"CapPass","Cycle 200",200,35515,"4-1-1","Alloy 617",314626,"Plate"
205.16,0.00156,"Qualified",,1591.36,"CapPass","Cycle 200",200,35516,"4-1-1","Alloy 617",314626,"Plate"
208.50,0.00159,"Qualified",,1591.39,"CapPass","Cycle 200",200,35517,"4-1-1","Alloy 617",314626,"Plate"
211.66,0.00162,"Qualified",,1591.41,"CapPass","Cycle 200",200,35518,"4-1-1","Alloy 617",314626,"Plate"
207.48,0.00165,"Qualified",,1591.42,"CapPass","Cycle 200",200,35519,"4-1-1","Alloy 617",314626,"Plate"
207.83,0.00169,"Qualified",,1591.42,"CapPass","Cycle 200",200,35520,"4-1-1","Alloy 617",314626,"Plate"
208.00,0.00172,"Qualified",,1591.42,"CapPass","Cycle 200",200,35521,"4-1-1","Alloy 617",314626,"Plate"
208.07,0.00176,"Qualified",,1591.42,"CapPass","Cycle 200",200,35522,"4-1-1","Alloy 617",314626,"Plate"
208.16,0.00180,"Qualified",,1591.42,"CapPass","Cycle 200",200,35523,"4-1-1","Alloy 617",314626,"Plate"
208.22,0.00184,"Qualified",,1591.42,"CapPass","Cycle 200",200,35524,"4-1-1","Alloy 617",314626,"Plate"
208.31,0.00187,"Qualified",,1591.42,"CapPass","Cycle 200",200,35525,"4-1-1","Alloy 617",314626,"Plate"
208.47,0.00191,"Qualified",,1591.43,"CapPass","Cycle 200",200,35526,"4-1-1","Alloy 617",314626,"Plate"
208.62,0.00195,"Qualified",,1591.43,"CapPass","Cycle 200",200,35527,"4-1-1","Alloy 617",314626,"Plate"
208.82,0.00198,"Qualified",,1591.43,"CapPass","Cycle 200",200,35528,"4-1-1","Alloy 617",314626,"Plate"
209.05,0.00202,"Qualified",,1591.43,"CapPass","Cycle 200",200,35529,"4-1-1","Alloy 617",314626,"Plate"
201.96,0.00199,"Qualified",,1591.48,"CapPass","Cycle 200",200,35530,"4-1-1","Alloy 617",314626,"Plate"
196.39,0.00197,"Qualified",,1591.50,"CapPass","Cycle 200",200,35531,"4-1-1","Alloy 617",314626,"Plate"
192.86,0.00194,"Qualified",,1591.51,"CapPass","Cycle 200",200,35532,"4-1-1","Alloy 617",314626,"Plate"
188.62,0.00191,"Qualified",,1591.52,"CapPass","Cycle 200",200,35533,"4-1-1","Alloy 617",314626,"Plate"
184.65,0.00189,"Qualified",,1591.53,"CapPass","Cycle 200",200,35534,"4-1-1","Alloy 617",314626,"Plate"
181.38,0.00186,"Qualified",,1591.54,"CapPass","Cycle 200",200,35535,"4-1-1","Alloy 617",314626,"Plate"
177.35,0.00183,"Qualified",,1591.56,"CapPass","Cycle 200",200,35536,"4-1-1","Alloy 617",314626,"Plate"
174.25,0.00181,"Qualified",,1591.58,"CapPass","Cycle 200",200,35537,"4-1-1","Alloy 617",314626,"Plate"
178.17,0.00183,"Qualified",,1591.68,"CapPass","Cycle 200",200,35538,"4-1-1","Alloy 617",314626,"Plate"
181.24,0.00186,"Qualified",,1591.70,"CapPass","Cycle 200",200,35539,"4-1-1","Alloy 617",314626,"Plate"
184.18,0.00189,"Qualified",,1591.72,"CapPass","Cycle 200",200,35540,"4-1-1","Alloy 617",314626,"Plate"
186.96,0.00191,"Qualified",,1591.74,"CapPass","Cycle 200",200,35541,"4-1-1","Alloy 617",314626,"Plate"
188.41,0.00194,"Qualified",,1591.77,"CapPass","Cycle 200",200,35542,"4-1-1","Alloy 617",314626,"Plate"
179.34,0.00191,"Qualified",,1591.85,"CapPass","Cycle 200",200,35543,"4-1-1","Alloy 617",314626,"Plate"
177.70,0.00190,"Qualified",,1591.86,"CapPass","Cycle 200",200,35544,"4-1-1","Alloy 617",314626,"Plate"
174.52,0.00189,"Qualified",,1591.87,"CapPass","Cycle 200",200,35545,"4-1-1","Alloy 617",314626,"Plate"
170.34,0.00186,"Qualified",,1591.89,"CapPass","Cycle 200",200,35546,"4-1-1","Alloy 617",314626,"Plate"
166.73,0.00184,"Qualified",,1591.90,"CapPass","Cycle 200",200,35547,"4-1-1","Alloy 617",314626,"Plate"
162.47,0.00181,"Qualified",,1591.92,"CapPass","Cycle 200",200,35548,"4-1-1","Alloy 617",314626,"Plate"
158.81,0.00178,"Qualified",,1591.94,"CapPass","Cycle 200",200,35549,"4-1-1","Alloy 617",314626,"Plate"
155.18,0.00176,"Qualified",,1591.95,"CapPass","Cycle 200",200,35550,"4-1-1","Alloy 617",314626,"Plate"
151.47,0.00173,"Qualified",,1591.97,"CapPass","Cycle 200",200,35551,"4-1-1","Alloy 617",314626,"Plate"
147.94,0.00171,"Qualified",,1591.99,"CapPass","Cycle 200",200,35552,"4-1-1","Alloy 617",314626,"Plate"
144.61,0.00168,"Qualified",,1592.01,"CapPass","Cycle 200",200,35553,"4-1-1","Alloy 617",314626,"Plate"
141.02,0.00166,"Qualified",,1592.03,"CapPass","Cycle 200",200,35554,"4-1-1","Alloy 617",314626,"Plate"
137.65,0.00163,"Qualified",,1592.06,"CapPass","Cycle 200",200,35555,"4-1-1","Alloy 617",314626,"Plate"
134.37,0.00161,"Qualified",,1592.08,"CapPass","Cycle 200",200,35556,"4-1-1","Alloy 617",314626,"Plate"
131.08,0.00158,"Qualified",,1592.11,"CapPass","Cycle 200",200,35557,"4-1-1","Alloy 617",314626,"Plate"
127.60,0.00155,"Qualified",,1592.14,"CapPass","Cycle 200",200,35558,"4-1-1","Alloy 617",314626,"Plate"
124.01,0.00153,"Qualified",,1592.17,"CapPass","Cycle 200",200,35559,"4-1-1","Alloy 617",314626,"Plate"
120.74,0.00150,"Qualified",,1592.20,"CapPass","Cycle 200",200,35560,"4-1-1","Alloy 617",314626,"Plate"
117.54,0.00148,"Qualified",,1592.23,"CapPass","Cycle 200",200,35561,"4-1-1","Alloy 617",314626,"Plate"
114.42,0.00145,"Qualified",,1592.26,"CapPass","Cycle 200",200,35562,"4-1-1","Alloy 617",314626,"Plate"
110.82,0.00143,"Qualified",,1592.29,"CapPass","Cycle 200",200,35563,"4-1-1","Alloy 617",314626,"Plate"
106.72,0.00140,"Qualified",,1592.32,"CapPass","Cycle 200",200,35564,"4-1-1","Alloy 617",314626,"Plate"
103.45,0.00138,"Qualified",,1592.35,"CapPass","Cycle 200",200,35565,"4-1-1","Alloy 617",314626,"Plate"
99.78,0.00135,"Qualified",,1592.37,"CapPass","Cycle 200",200,35566,"4-1-1","Alloy 617",314626,"Plate"
96.28,0.00133,"Qualified",,1592.40,"CapPass","Cycle 200",200,35567,"4-1-1","Alloy 617",314626,"Plate"
92.61,0.00130,"Qualified",,1592.43,"CapPass","Cycle 200",200,35568,"4-1-1","Alloy 617",314626,"Plate"
88.56,0.00127,"Qualified",,1592.46,"CapPass","Cycle 200",200,35569,"4-1-1","Alloy 617",314626,"Plate"
84.59,0.00125,"Qualified",,1592.49,"CapPass","Cycle 200",200,35570,"4-1-1","Alloy 617",314626,"Plate"
80.67,0.00122,"Qualified",,1592.51,"CapPass","Cycle 200",200,35571,"4-1-1","Alloy 617",314626,"Plate"
76.89,0.00120,"Qualified",,1592.54,"CapPass","Cycle 200",200,35572,"4-1-1","Alloy 617",314626,"Plate"
72.73,0.00117,"Qualified",,1592.57,"CapPass","Cycle 200",200,35573,"4-1-1","Alloy 617",314626,"Plate"
68.51,0.00115,"Qualified",,1592.60,"CapPass","Cycle 200",200,35574,"4-1-1","Alloy 617",314626,"Plate"
64.80,0.00112,"Qualified",,1592.63,"CapPass","Cycle 200",200,35575,"4-1-1","Alloy 617",314626,"Plate"
60.76,0.00110,"Qualified",,1592.65,"CapPass","Cycle 200",200,35576,"4-1-1","Alloy 617",314626,"Plate"
56.53,0.00107,"Qualified",,1592.68,"CapPass","Cycle 200",200,35577,"4-1-1","Alloy 617",314626,"Plate"
52.58,0.00105,"Qualified",,1592.71,"CapPass","Cycle 200",200,35578,"4-1-1","Alloy 617",314626,"Plate"
48.40,0.00102,"Qualified",,1592.74,"CapPass","Cycle 200",200,35579,"4-1-1","Alloy 617",314626,"Plate"
44.09,0.00100,"Qualified",,1592.77,"CapPass","Cycle 200",200,35580,"4-1-1","Alloy 617",314626,"Plate"
40.26,0.00097,"Qualified",,1592.79,"CapPass","Cycle 200",200,35581,"4-1-1","Alloy 617",314626,"Plate"
36.71,0.00094,"Qualified",,1592.82,"CapPass","Cycle 200",200,35582,"4-1-1","Alloy 617",314626,"Plate"
33.26,0.00092,"Qualified",,1592.84,"CapPass","Cycle 200",200,35583,"4-1-1","Alloy 617",314626,"Plate"
30.45,0.00090,"Qualified",,1592.86,"CapPass","Cycle 200",200,35584,"4-1-1","Alloy 617",314626,"Plate"
29.81,0.00089,"Qualified",,1592.86,"CapPass","Cycle 200",200,35585,"4-1-1","Alloy 617",314626,"Plate"
26.51,0.00087,"Qualified",,1592.89,"CapPass","Cycle 200",200,35586,"4-1-1","Alloy 617",314626,"Plate"
23.15,0.00084,"Qualified",,1592.91,"CapPass","Cycle 200",200,35587,"4-1-1","Alloy 617",314626,"Plate"
20.07,0.00082,"Qualified",,1592.94,"CapPass","Cycle 200",200,35588,"4-1-1","Alloy 617",314626,"Plate"
16.84,0.00079,"Qualified",,1592.96,"CapPass","Cycle 200",200,35589,"4-1-1","Alloy 617",314626,"Plate"
13.57,0.00077,"Qualified",,1592.99,"CapPass","Cycle 200",200,35590,"4-1-1","Alloy 617",314626,"Plate"
9.97,0.00074,"Qualified",,1593.02,"CapPass","Cycle 200",200,35591,"4-1-1","Alloy 617",314626,"Plate"
6.46,0.00072,"Qualified",,1593.05,"CapPass","Cycle 200",200,35592,"4-1-1","Alloy 617",314626,"Plate"
2.49,0.00069,"Qualified",,1593.08,"CapPass","Cycle 200",200,35593,"4-1-1","Alloy 617",314626,"Plate"
-0.77,0.00067,"Qualified",,1593.11,"CapPass","Cycle 200",200,35594,"4-1-1","Alloy 617",314626,"Plate"
-4.52,0.00064,"Qualified",,1593.14,"CapPass","Cycle 200",200,35595,"4-1-1","Alloy 617",314626,"Plate"
-8.17,0.00062,"Qualified",,1593.16,"CapPass","Cycle 200",200,35596,"4-1-1","Alloy 617",314626,"Plate"
-12.13,0.00059,"Qualified",,1593.19,"CapPass","Cycle 200",200,35597,"4-1-1","Alloy 617",314626,"Plate"
-15.48,0.00057,"Qualified",,1593.22,"CapPass","Cycle 200",200,35598,"4-1-1","Alloy 617",314626,"Plate"
-18.46,0.00054,"Qualified",,1593.25,"CapPass","Cycle 200",200,35599,"4-1-1","Alloy 617",314626,"Plate"
-21.27,0.00051,"Qualified",,1593.30,"CapPass","Cycle 200",200,35600,"4-1-1","Alloy 617",314626,"Plate"
-23.42,0.00049,"Qualified",,1593.39,"CapPass","Cycle 200",200,35601,"4-1-1","Alloy 617",314626,"Plate"
-27.31,0.00046,"Qualified",,1593.44,"CapPass","Cycle 200",200,35602,"4-1-1","Alloy 617",314626,"Plate"
-30.95,0.00044,"Qualified",,1593.48,"CapPass","Cycle 200",200,35603,"4-1-1","Alloy 617",314626,"Plate"
-34.28,0.00041,"Qualified",,1593.50,"CapPass","Cycle 200",200,35604,"4-1-1","Alloy 617",314626,"Plate"
-37.79,0.00039,"Qualified",,1593.53,"CapPass","Cycle 200",200,35605,"4-1-1","Alloy 617",314626,"Plate"
-41.31,0.00036,"Qualified",,1593.55,"CapPass","Cycle 200",200,35606,"4-1-1","Alloy 617",314626,"Plate"
-45.20,0.00034,"Qualified",,1593.58,"CapPass","Cycle 200",200,35607,"4-1-1","Alloy 617",314626,"Plate"
-48.91,0.00031,"Qualified",,1593.60,"CapPass","Cycle 200",200,35608,"4-1-1","Alloy 617",314626,"Plate"
-52.99,0.00029,"Qualified",,1593.62,"CapPass","Cycle 200",200,35609,"4-1-1","Alloy 617",314626,"Plate"
-57.13,0.00026,"Qualified",,1593.63,"CapPass","Cycle 200",200,35610,"4-1-1","Alloy 617",314626,"Plate"
-60.39,0.00023,"Qualified",,1593.65,"CapPass","Cycle 200",200,35611,"4-1-1","Alloy 617",314626,"Plate"
-63.82,0.00021,"Qualified",,1593.66,"CapPass","Cycle 200",200,35612,"4-1-1","Alloy 617",314626,"Plate"
-66.85,0.00018,"Qualified",,1593.68,"CapPass","Cycle 200",200,35613,"4-1-1","Alloy 617",314626,"Plate"
-69.72,0.00015,"Qualified",,1593.69,"CapPass","Cycle 200",200,35614,"4-1-1","Alloy 617",314626,"Plate"
-73.22,0.00013,"Qualified",,1593.71,"CapPass","Cycle 200",200,35615,"4-1-1","Alloy 617",314626,"Plate"
-76.72,0.00010,"Qualified",,1593.73,"CapPass","Cycle 200",200,35616,"4-1-1","Alloy 617",314626,"Plate"
-80.23,0.00008,"Qualified",,1593.75,"CapPass","Cycle 200",200,35617,"4-1-1","Alloy 617",314626,"Plate"
-83.57,0.00005,"Qualified",,1593.76,"CapPass","Cycle 200",200,35618,"4-1-1","Alloy 617",314626,"Plate"
-87.07,0.00002,"Qualified",,1593.78,"CapPass","Cycle 200",200,35619,"4-1-1","Alloy 617",314626,"Plate"
-90.47,-0.00000,"Qualified",,1593.80,"CapPass","Cycle 200",200,35620,"4-1-1","Alloy 617",314626,"Plate"
-93.61,-0.00003,"Qualified",,1593.82,"CapPass","Cycle 200",200,35621,"4-1-1","Alloy 617",314626,"Plate"
-96.91,-0.00005,"Qualified",,1593.84,"CapPass","Cycle 200",200,35622,"4-1-1","Alloy 617",314626,"Plate"
-99.94,-0.00008,"Qualified",,1593.85,"CapPass","Cycle 200",200,35623,"4-1-1","Alloy 617",314626,"Plate"
-100.58,-0.00008,"Qualified",,1593.86,"CapPass","Cycle 200",200,35624,"4-1-1","Alloy 617",314626,"Plate"
-102.91,-0.00010,"Qualified",,1593.87,"CapPass","Cycle 200",200,35625,"4-1-1","Alloy 617",314626,"Plate"
-106.34,-0.00013,"Qualified",,1593.90,"CapPass","Cycle 200",200,35626,"4-1-1","Alloy 617",314626,"Plate"
-109.33,-0.00015,"Qualified",,1593.92,"CapPass","Cycle 200",200,35627,"4-1-1","Alloy 617",314626,"Plate"
-112.28,-0.00018,"Qualified",,1593.94,"CapPass","Cycle 200",200,35628,"4-1-1","Alloy 617",314626,"Plate"
-115.30,-0.00021,"Qualified",,1593.97,"CapPass","Cycle 200",200,35629,"4-1-1","Alloy 617",314626,"Plate"
-118.20,-0.00023,"Qualified",,1593.99,"CapPass","Cycle 200",200,35630,"4-1-1","Alloy 617",314626,"Plate"
-121.02,-0.00026,"Qualified",,1594.02,"CapPass","Cycle 200",200,35631,"4-1-1","Alloy 617",314626,"Plate"
-123.81,-0.00028,"Qualified",,1594.04,"CapPass","Cycle 200",200,35632,"4-1-1","Alloy 617",314626,"Plate"
-126.58,-0.00031,"Qualified",,1594.07,"CapPass","Cycle 200",200,35633,"4-1-1","Alloy 617",314626,"Plate"
-129.40,-0.00033,"Qualified",,1594.09,"CapPass","Cycle 200",200,35634,"4-1-1","Alloy 617",314626,"Plate"
-132.59,-0.00036,"Qualified",,1594.13,"CapPass","Cycle 200",200,35635,"4-1-1","Alloy 617",314626,"Plate"
-135.86,-0.00038,"Qualified",,1594.16,"CapPass","Cycle 200",200,35636,"4-1-1","Alloy 617",314626,"Plate"
-138.78,-0.00041,"Qualified",,1594.18,"CapPass","Cycle 200",200,35637,"4-1-1","Alloy 617",314626,"Plate"
-141.67,-0.00043,"Qualified",,1594.21,"CapPass","Cycle 200",200,35638,"4-1-1","Alloy 617",314626,"Plate"
-144.54,-0.00046,"Qualified",,1594.23,"CapPass","Cycle 200",200,35639,"4-1-1","Alloy 617",314626,"Plate"
-147.45,-0.00049,"Qualified",,1594.26,"CapPass","Cycle 200",200,35640,"4-1-1","Alloy 617",314626,"Plate"
-150.22,-0.00051,"Qualified",,1594.28,"CapPass","Cycle 200",200,35641,"4-1-1","Alloy 617",314626,"Plate"
-152.89,-0.00054,"Qualified",,1594.31,"CapPass","Cycle 200",200,35642,"4-1-1","Alloy 617",314626,"Plate"
-155.81,-0.00056,"Qualified",,1594.33,"CapPass","Cycle 200",200,35643,"4-1-1","Alloy 617",314626,"Plate"
-158.55,-0.00059,"Qualified",,1594.36,"CapPass","Cycle 200",200,35644,"4-1-1","Alloy 617",314626,"Plate"
-161.45,-0.00061,"Qualified",,1594.39,"CapPass","Cycle 200",200,35645,"4-1-1","Alloy 617",314626,"Plate"
-164.24,-0.00064,"Qualified",,1594.41,"CapPass","Cycle 200",200,35646,"4-1-1","Alloy 617",314626,"Plate"
-166.76,-0.00066,"Qualified",,1594.44,"CapPass","Cycle 200",200,35647,"4-1-1","Alloy 617",314626,"Plate"
-169.60,-0.00069,"Qualified",,1594.46,"CapPass","Cycle 200",200,35648,"4-1-1","Alloy 617",314626,"Plate"
-172.30,-0.00071,"Qualified",,1594.49,"CapPass","Cycle 200",200,35649,"4-1-1","Alloy 617",314626,"Plate"
-174.75,-0.00074,"Qualified",,1594.51,"CapPass","Cycle 200",200,35650,"4-1-1","Alloy 617",314626,"Plate"
-177.63,-0.00077,"Qualified",,1594.54,"CapPass","Cycle 200",200,35651,"4-1-1","Alloy 617",314626,"Plate"
-180.16,-0.00079,"Qualified",,1594.57,"CapPass","Cycle 200",200,35652,"4-1-1","Alloy 617",314626,"Plate"
-182.77,-0.00082,"Qualified",,1594.59,"CapPass","Cycle 200",200,35653,"4-1-1","Alloy 617",314626,"Plate"
-185.41,-0.00084,"Qualified",,1594.62,"CapPass","Cycle 200",200,35654,"4-1-1","Alloy 617",314626,"Plate"
-187.75,-0.00087,"Qualified",,1594.64,"CapPass","Cycle 200",200,35655,"4-1-1","Alloy 617",314626,"Plate"
-187.26,-0.00089,"Qualified",,1594.67,"CapPass","Cycle 200",200,35656,"4-1-1","Alloy 617",314626,"Plate"
-187.59,-0.00092,"Qualified",,1594.67,"CapPass","Cycle 200",200,35657,"4-1-1","Alloy 617",314626,"Plate"
-187.78,-0.00095,"Qualified",,1594.67,"CapPass","Cycle 200",200,35658,"4-1-1","Alloy 617",314626,"Plate"
-187.96,-0.00099,"Qualified",,1594.67,"CapPass","Cycle 200",200,35659,"4-1-1","Alloy 617",314626,"Plate"
-188.13,-0.00103,"Qualified",,1594.68,"CapPass","Cycle 200",200,35660,"4-1-1","Alloy 617",314626,"Plate"
-188.35,-0.00107,"Qualified",,1594.68,"CapPass","Cycle 200",200,35661,"4-1-1","Alloy 617",314626,"Plate"
-188.52,-0.00111,"Qualified",,1594.68,"CapPass","Cycle 200",200,35662,"4-1-1","Alloy 617",314626,"Plate"
-188.87,-0.00113,"Qualified",,1594.68,"CapPass","Cycle 200",200,35663,"4-1-1","Alloy 617",314626,"Plate"
-181.87,-0.00111,"Qualified",,1594.76,"CapPass","Cycle 200",200,35664,"4-1-1","Alloy 617",314626,"Plate"
-176.38,-0.00108,"Qualified",,1594.80,"CapPass","Cycle 200",200,35665,"4-1-1","Alloy 617",314626,"Plate"
-172.63,-0.00106,"Qualified",,1594.86,"CapPass","Cycle 200",200,35666,"4-1-1","Alloy 617",314626,"Plate"
-177.81,-0.00111,"Qualified",,1594.93,"CapPass","Cycle 200",200,35667,"4-1-1","Alloy 617",314626,"Plate"
-181.12,-0.00113,"Qualified",,1594.95,"CapPass","Cycle 200",200,35668,"4-1-1","Alloy 617",314626,"Plate"
-184.40,-0.00116,"Qualified",,1594.97,"CapPass","Cycle 200",200,35669,"4-1-1","Alloy 617",314626,"Plate"
-187.34,-0.00118,"Qualified",,1594.99,"CapPass","Cycle 200",200,35670,"4-1-1","Alloy 617",314626,"Plate"
-190.45,-0.00121,"Qualified",,1595.01,"CapPass","Cycle 200",200,35671,"4-1-1","Alloy 617",314626,"Plate"
-193.46,-0.00124,"Qualified",,1595.04,"CapPass","Cycle 200",200,35672,"4-1-1","Alloy 617",314626,"Plate"
-196.52,-0.00126,"Qualified",,1595.06,"CapPass","Cycle 200",200,35673,"4-1-1","Alloy 617",314626,"Plate"
-199.38,-0.00129,"Qualified",,1595.08,"CapPass","Cycle 200",200,35674,"4-1-1","Alloy 617",314626,"Plate"
-202.18,-0.00131,"Qualified",,1595.10,"CapPass","Cycle 200",200,35675,"4-1-1","Alloy 617",314626,"Plate"
-200.86,-0.00134,"Qualified",,1595.12,"CapPass","Cycle 200",200,35676,"4-1-1","Alloy 617",314626,"Plate"
-201.19,-0.00137,"Qualified",,1595.12,"CapPass","Cycle 200",200,35677,"4-1-1","Alloy 617",314626,"Plate"
-201.34,-0.00140,"Qualified",,1595.13,"CapPass","Cycle 200",200,35678,"4-1-1","Alloy 617",314626,"Plate"
-201.54,-0.00142,"Qualified",,1595.13,"CapPass","Cycle 200",200,35679,"4-1-1","Alloy 617",314626,"Plate"
-201.92,-0.00146,"Qualified",,1595.13,"CapPass","Cycle 200",200,35680,"4-1-1","Alloy 617",314626,"Plate"
-203.81,-0.00148,"Qualified",,1595.16,"CapPass","Cycle 200",200,35681,"4-1-1","Alloy 617",314626,"Plate"
-201.21,-0.00151,"Qualified",,1595.29,"CapPass","Cycle 200",200,35682,"4-1-1","Alloy 617",314626,"Plate"
-204.30,-0.00154,"Qualified",,1595.35,"CapPass","Cycle 200",200,35683,"4-1-1","Alloy 617",314626,"Plate"
-207.01,-0.00156,"Qualified",,1595.38,"CapPass","Cycle 200",200,35684,"4-1-1","Alloy 617",314626,"Plate"
-208.83,-0.00159,"Qualified",,1595.39,"CapPass","Cycle 200",200,35685,"4-1-1","Alloy 617",314626,"Plate"
-212.00,-0.00161,"Qualified",,1595.42,"CapPass","Cycle 200",200,35686,"4-1-1","Alloy 617",314626,"Plate"
-208.42,-0.00164,"Qualified",,1595.43,"CapPass","Cycle 200",200,35687,"4-1-1","Alloy 617",314626,"Plate"
-208.54,-0.00167,"Qualified",,1595.43,"CapPass","Cycle 200",200,35688,"4-1-1","Alloy 617",314626,"Plate"
-208.76,-0.00170,"Qualified",,1595.43,"CapPass","Cycle 200",200,35689,"4-1-1","Alloy 617",314626,"Plate"
-208.90,-0.00173,"Qualified",,1595.43,"CapPass","Cycle 200",200,35690,"4-1-1","Alloy 617",314626,"Plate"
-208.99,-0.00177,"Qualified",,1595.44,"CapPass","Cycle 200",200,35691,"4-1-1","Alloy 617",314626,"Plate"
-209.12,-0.00181,"Qualified",,1595.44,"CapPass","Cycle 200",200,35692,"4-1-1","Alloy 617",314626,"Plate"
-209.22,-0.00186,"Qualified",,1595.44,"CapPass","Cycle 200",200,35693,"4-1-1","Alloy 617",314626,"Plate"
-209.34,-0.00190,"Qualified",,1595.44,"CapPass","Cycle 200",200,35694,"4-1-1","Alloy 617",314626,"Plate"
-209.50,-0.00194,"Qualified",,1595.44,"CapPass","Cycle 200",200,35695,"4-1-1","Alloy 617",314626,"Plate"
-209.65,-0.00198,"Qualified",,1595.44,"CapPass","Cycle 200",200,35696,"4-1-1","Alloy 617",314626,"Plate"
-209.80,-0.00201,"Qualified",,1595.44,"CapPass","Cycle 200",200,35697,"4-1-1","Alloy 617",314626,"Plate"
-209.92,-0.00204,"Qualified",,1595.44,"CapPass","Cycle 200",200,35698,"4-1-1","Alloy 617",314626,"Plate"
-210.13,-0.00207,"Qualified",,1595.44,"CapPass","Cycle 200",200,35699,"4-1-1","Alloy 617",314626,"Plate"
-210.68,-0.00204,"Qualified",,1595.45,"CapPass","Cycle 200",200,35700,"4-1-1","Alloy 617",314626,"Plate"
-201.84,-0.00201,"Qualified",,1595.50,"CapPass","Cycle 200",200,35701,"4-1-1","Alloy 617",314626,"Plate"
-197.10,-0.00199,"Qualified",,1595.51,"CapPass","Cycle 200",200,35702,"4-1-1","Alloy 617",314626,"Plate"
-192.81,-0.00196,"Qualified",,1595.52,"CapPass","Cycle 200",200,35703,"4-1-1","Alloy 617",314626,"Plate"
-188.23,-0.00194,"Qualified",,1595.54,"CapPass","Cycle 200",200,35704,"4-1-1","Alloy 617",314626,"Plate"
-184.66,-0.00191,"Qualified",,1595.54,"CapPass","Cycle 200",200,35705,"4-1-1","Alloy 617",314626,"Plate"
-180.96,-0.00188,"Qualified",,1595.56,"CapPass","Cycle 200",200,35706,"4-1-1","Alloy 617",314626,"Plate"
-176.79,-0.00186,"Qualified",,1595.57,"CapPass","Cycle 200",200,35707,"4-1-1","Alloy 617",314626,"Plate"
-173.55,-0.00183,"Qualified",,1595.58,"CapPass","Cycle 200",200,35708,"4-1-1","Alloy 617",314626,"Plate"
-170.08,-0.00181,"Qualified",,1595.60,"CapPass","Cycle 200",200,35709,"4-1-1","Alloy 617",314626,"Plate"
-175.25,-0.00183,"Qualified",,1595.70,"CapPass","Cycle 200",200,35710,"4-1-1","Alloy 617",314626,"Plate"
-178.59,-0.00186,"Qualified",,1595.72,"CapPass","Cycle 200",200,35711,"4-1-1","Alloy 617",314626,"Plate"
-181.69,-0.00188,"Qualified",,1595.74,"CapPass","Cycle 200",200,35712,"4-1-1","Alloy 617",314626,"Plate"
-184.40,-0.00191,"Qualified",,1595.77,"CapPass","Cycle 200",200,35713,"4-1-1","Alloy 617",314626,"Plate"
-178.01,-0.00189,"Qualified",,1595.86,"CapPass","Cycle 200",200,35714,"4-1-1","Alloy 617",314626,"Plate"
-176.59,-0.00188,"Qualified",,1595.87,"CapPass","Cycle 200",200,35715,"4-1-1","Alloy 617",314626,"Plate"
-172.49,-0.00186,"Qualified",,1595.89,"CapPass","Cycle 200",200,35716,"4-1-1","Alloy 617",314626,"Plate"
-168.21,-0.00183,"Qualified",,1595.91,"CapPass","Cycle 200",200,35717,"4-1-1","Alloy 617",314626,"Plate"
-164.04,-0.00181,"Qualified",,1595.93,"CapPass","Cycle 200",200,35718,"4-1-1","Alloy 617",314626,"Plate"
-160.09,-0.00178,"Qualified",,1595.94,"CapPass","Cycle 200",200,35719,"4-1-1","Alloy 617",314626,"Plate"
-155.81,-0.00175,"Qualified",,1595.96,"CapPass","Cycle 200",200,35720,"4-1-1","Alloy 617",314626,"Plate"
-151.84,-0.00173,"Qualified",,1595.98,"CapPass","Cycle 200",200,35721,"4-1-1","Alloy 617",314626,"Plate"
-147.98,-0.00170,"Qualified",,1596.00,"CapPass","Cycle 200",200,35722,"4-1-1","Alloy 617",314626,"Plate"
-144.18,-0.00168,"Qualified",,1596.03,"CapPass","Cycle 200",200,35723,"4-1-1","Alloy 617",314626,"Plate"
-140.15,-0.00165,"Qualified",,1596.05,"CapPass","Cycle 200",200,35724,"4-1-1","Alloy 617",314626,"Plate"
-136.12,-0.00163,"Qualified",,1596.08,"CapPass","Cycle 200",200,35725,"4-1-1","Alloy 617",314626,"Plate"
-132.19,-0.00160,"Qualified",,1596.10,"CapPass","Cycle 200",200,35726,"4-1-1","Alloy 617",314626,"Plate"
-128.53,-0.00158,"Qualified",,1596.13,"CapPass","Cycle 200",200,35727,"4-1-1","Alloy 617",314626,"Plate"
-124.31,-0.00155,"Qualified",,1596.16,"CapPass","Cycle 200",200,35728,"4-1-1","Alloy 617",314626,"Plate"
-120.34,-0.00152,"Qualified",,1596.19,"CapPass","Cycle 200",200,35729,"4-1-1","Alloy 617",314626,"Plate"
-116.44,-0.00150,"Qualified",,1596.22,"CapPass","Cycle 200",200,35730,"4-1-1","Alloy 617",314626,"Plate"
-112.53,-0.00147,"Qualified",,1596.25,"CapPass","Cycle 200",200,35731,"4-1-1","Alloy 617",314626,"Plate"
-108.92,-0.00145,"Qualified",,1596.27,"CapPass","Cycle 200",200,35732,"4-1-1","Alloy 617",314626,"Plate"
-104.95,-0.00142,"Qualified",,1596.30,"CapPass","Cycle 200",200,35733,"4-1-1","Alloy 617",314626,"Plate"
-101.07,-0.00140,"Qualified",,1596.33,"CapPass","Cycle 200",200,35734,"4-1-1","Alloy 617",314626,"Plate"
-97.46,-0.00137,"Qualified",,1596.35,"CapPass","Cycle 200",200,35735,"4-1-1","Alloy 617",314626,"Plate"
-93.60,-0.00135,"Qualified",,1596.38,"CapPass","Cycle 200",200,35736,"4-1-1","Alloy 617",314626,"Plate"
-90.07,-0.00132,"Qualified",,1596.41,"CapPass","Cycle 200",200,35737,"4-1-1","Alloy 617",314626,"Plate"
-86.42,-0.00129,"Qualified",,1596.43,"CapPass","Cycle 200",200,35738,"4-1-1","Alloy 617",314626,"Plate"
-82.75,-0.00127,"Qualified",,1596.46,"CapPass","Cycle 200",200,35739,"4-1-1","Alloy 617",314626,"Plate"
-79.21,-0.00124,"Qualified",,1596.49,"CapPass","Cycle 200",200,35740,"4-1-1","Alloy 617",314626,"Plate"
-75.84,-0.00122,"Qualified",,1596.51,"CapPass","Cycle 200",200,35741,"4-1-1","Alloy 617",314626,"Plate"
-72.13,-0.00119,"Qualified",,1596.54,"CapPass","Cycle 200",200,35742,"4-1-1","Alloy 617",314626,"Plate"
-68.62,-0.00117,"Qualified",,1596.56,"CapPass","Cycle 200",200,35743,"4-1-1","Alloy 617",314626,"Plate"
-64.37,-0.00114,"Qualified",,1596.60,"CapPass","Cycle 200",200,35744,"4-1-1","Alloy 617",314626,"Plate"
-60.61,-0.00112,"Qualified",,1596.63,"CapPass","Cycle 200",200,35745,"4-1-1","Alloy 617",314626,"Plate"
-57.06,-0.00109,"Qualified",,1596.65,"CapPass","Cycle 200",200,35746,"4-1-1","Alloy 617",314626,"Plate"
-53.63,-0.00107,"Qualified",,1596.68,"CapPass","Cycle 200",200,35747,"4-1-1","Alloy 617",314626,"Plate"
-50.18,-0.00104,"Qualified",,1596.70,"CapPass","Cycle 200",200,35748,"4-1-1","Alloy 617",314626,"Plate"
-46.49,-0.00101,"Qualified",,1596.73,"CapPass","Cycle 200",200,35749,"4-1-1","Alloy 617",314626,"Plate"
-42.94,-0.00099,"Qualified",,1596.76,"CapPass","Cycle 200",200,35750,"4-1-1","Alloy 617",314626,"Plate"
-39.58,-0.00096,"Qualified",,1596.78,"CapPass","Cycle 200",200,35751,"4-1-1","Alloy 617",314626,"Plate"
-36.23,-0.00094,"Qualified",,1596.81,"CapPass","Cycle 200",200,35752,"4-1-1","Alloy 617",314626,"Plate"
-32.95,-0.00091,"Qualified",,1596.83,"CapPass","Cycle 200",200,35753,"4-1-1","Alloy 617",314626,"Plate"
-29.65,-0.00089,"Qualified",,1596.86,"CapPass","Cycle 200",200,35754,"4-1-1","Alloy 617",314626,"Plate"
-26.54,-0.00086,"Qualified",,1596.88,"CapPass","Cycle 200",200,35755,"4-1-1","Alloy 617",314626,"Plate"
-23.21,-0.00084,"Qualified",,1596.91,"CapPass","Cycle 200",200,35756,"4-1-1","Alloy 617",314626,"Plate"
-20.17,-0.00081,"Qualified",,1596.94,"CapPass","Cycle 200",200,35757,"4-1-1","Alloy 617",314626,"Plate"
-16.97,-0.00078,"Qualified",,1596.96,"CapPass","Cycle 200",200,35758,"4-1-1","Alloy 617",314626,"Plate"
-13.69,-0.00076,"Qualified",,1596.99,"CapPass","Cycle 200",200,35759,"4-1-1","Alloy 617",314626,"Plate"
-10.59,-0.00073,"Qualified",,1597.02,"CapPass","Cycle 200",200,35760,"4-1-1","Alloy 617",314626,"Plate"
-7.40,-0.00071,"Qualified",,1597.04,"CapPass","Cycle 200",200,35761,"4-1-1","Alloy 617",314626,"Plate"
-4.22,-0.00068,"Qualified",,1597.07,"CapPass","Cycle 200",200,35762,"4-1-1","Alloy 617",314626,"Plate"
-0.85,-0.00066,"Qualified",,1597.10,"CapPass","Cycle 200",200,35763,"4-1-1","Alloy 617",314626,"Plate"
2.46,-0.00063,"Qualified",,1597.13,"CapPass","Cycle 200",200,35764,"4-1-1","Alloy 617",314626,"Plate"
5.69,-0.00061,"Qualified",,1597.16,"CapPass","Cycle 200",200,35765,"4-1-1","Alloy 617",314626,"Plate"
9.08,-0.00058,"Qualified",,1597.18,"CapPass","Cycle 200",200,35766,"4-1-1","Alloy 617",314626,"Plate"
12.60,-0.00056,"Qualified",,1597.21,"CapPass","Cycle 200",200,35767,"4-1-1","Alloy 617",314626,"Plate"
16.41,-0.00053,"Qualified",,1597.24,"CapPass","Cycle 200",200,35768,"4-1-1","Alloy 617",314626,"Plate"
20.05,-0.00051,"Qualified",,1597.27,"CapPass","Cycle 200",200,35769,"4-1-1","Alloy 617",314626,"Plate"
23.66,-0.00048,"Qualified",,1597.30,"CapPass","Cycle 200",200,35770,"4-1-1","Alloy 617",314626,"Plate"
26.97,-0.00045,"Qualified",,1597.34,"CapPass","Cycle 200",200,35771,"4-1-1","Alloy 617",314626,"Plate"
30.58,-0.00043,"Qualified",,1597.39,"CapPass","Cycle 200",200,35772,"4-1-1","Alloy 617",314626,"Plate"
34.31,-0.00040,"Qualified",,1597.43,"CapPass","Cycle 200",200,35773,"4-1-1","Alloy 617",314626,"Plate"
38.58,-0.00038,"Qualified",,1597.46,"CapPass","Cycle 200",200,35774,"4-1-1","Alloy 617",314626,"Plate"
42.62,-0.00035,"Qualified",,1597.49,"CapPass","Cycle 200",200,35775,"4-1-1","Alloy 617",314626,"Plate"
46.68,-0.00033,"Qualified",,1597.51,"CapPass","Cycle 200",200,35776,"4-1-1","Alloy 617",314626,"Plate"
49.93,-0.00030,"Qualified",,1597.52,"CapPass","Cycle 200",200,35777,"4-1-1","Alloy 617",314626,"Plate"
53.88,-0.00028,"Qualified",,1597.55,"CapPass","Cycle 200",200,35778,"4-1-1","Alloy 617",314626,"Plate"
57.34,-0.00025,"Qualified",,1597.58,"CapPass","Cycle 200",200,35779,"4-1-1","Alloy 617",314626,"Plate"
61.12,-0.00023,"Qualified",,1597.61,"CapPass","Cycle 200",200,35780,"4-1-1","Alloy 617",314626,"Plate"
64.95,-0.00020,"Qualified",,1597.64,"CapPass","Cycle 200",200,35781,"4-1-1","Alloy 617",314626,"Plate"
73.29,-0.00019,"Qualified",,3992.30,"CapPass","Cycle 500",500,39554,"4-1-1","Alloy 617",314626,"Plate"
76.99,-0.00017,"Qualified",,3992.34,"CapPass","Cycle 500",500,39555,"4-1-1","Alloy 617",314626,"Plate"
80.23,-0.00014,"Qualified",,3992.37,"CapPass","Cycle 500",500,39556,"4-1-1","Alloy 617",314626,"Plate"
83.97,-0.00012,"Qualified",,3992.40,"CapPass","Cycle 500",500,39557,"4-1-1","Alloy 617",314626,"Plate"
87.62,-0.00009,"Qualified",,3992.43,"CapPass","Cycle 500",500,39558,"4-1-1","Alloy 617",314626,"Plate"
91.18,-0.00007,"Qualified",,3992.46,"CapPass","Cycle 500",500,39559,"4-1-1","Alloy 617",314626,"Plate"
94.63,-0.00004,"Qualified",,3992.49,"CapPass","Cycle 500",500,39560,"4-1-1","Alloy 617",314626,"Plate"
98.06,-0.00001,"Qualified",,3992.51,"CapPass","Cycle 500",500,39561,"4-1-1","Alloy 617",314626,"Plate"
101.40,0.00001,"Qualified",,3992.54,"CapPass","Cycle 500",500,39562,"4-1-1","Alloy 617",314626,"Plate"
105.26,0.00004,"Qualified",,3992.56,"CapPass","Cycle 500",500,39563,"4-1-1","Alloy 617",314626,"Plate"
108.98,0.00006,"Qualified",,3992.58,"CapPass","Cycle 500",500,39564,"4-1-1","Alloy 617",314626,"Plate"
112.26,0.00009,"Qualified",,3992.60,"CapPass","Cycle 500",500,39565,"4-1-1","Alloy 617",314626,"Plate"
115.50,0.00011,"Qualified",,3992.62,"CapPass","Cycle 500",500,39566,"4-1-1","Alloy 617",314626,"Plate"
119.05,0.00014,"Qualified",,3992.63,"CapPass","Cycle 500",500,39567,"4-1-1","Alloy 617",314626,"Plate"
122.62,0.00016,"Qualified",,3992.65,"CapPass","Cycle 500",500,39568,"4-1-1","Alloy 617",314626,"Plate"
126.16,0.00019,"Qualified",,3992.67,"CapPass","Cycle 500",500,39569,"4-1-1","Alloy 617",314626,"Plate"
129.35,0.00022,"Qualified",,3992.68,"CapPass","Cycle 500",500,39570,"4-1-1","Alloy 617",314626,"Plate"
132.88,0.00024,"Qualified",,3992.70,"CapPass","Cycle 500",500,39571,"4-1-1","Alloy 617",314626,"Plate"
135.91,0.00027,"Qualified",,3992.72,"CapPass","Cycle 500",500,39572,"4-1-1","Alloy 617",314626,"Plate"
139.18,0.00029,"Qualified",,3992.73,"CapPass","Cycle 500",500,39573,"4-1-1","Alloy 617",314626,"Plate"
142.26,0.00032,"Qualified",,3992.75,"CapPass","Cycle 500",500,39574,"4-1-1","Alloy 617",314626,"Plate"
145.29,0.00034,"Qualified",,3992.77,"CapPass","Cycle 500",500,39575,"4-1-1","Alloy 617",314626,"Plate"
148.33,0.00037,"Qualified",,3992.79,"CapPass","Cycle 500",500,39576,"4-1-1","Alloy 617",314626,"Plate"
151.22,0.00040,"Qualified",,3992.82,"CapPass","Cycle 500",500,39577,"4-1-1","Alloy 617",314626,"Plate"
153.91,0.00042,"Qualified",,3992.84,"CapPass","Cycle 500",500,39578,"4-1-1","Alloy 617",314626,"Plate"
156.24,0.00044,"Qualified",,3992.86,"CapPass","Cycle 500",500,39579,"4-1-1","Alloy 617",314626,"Plate"
156.79,0.00045,"Qualified",,3992.86,"CapPass","Cycle 500",500,39580,"4-1-1","Alloy 617",314626,"Plate"
159.65,0.00047,"Qualified",,3992.89,"CapPass","Cycle 500",500,39581,"4-1-1","Alloy 617",314626,"Plate"
162.23,0.00050,"Qualified",,3992.92,"CapPass","Cycle 500",500,39582,"4-1-1","Alloy 617",314626,"Plate"
164.95,0.00052,"Qualified",,3992.94,"CapPass","Cycle 500",500,39583,"4-1-1","Alloy 617",314626,"Plate"
167.53,0.00055,"Qualified",,3992.97,"CapPass","Cycle 500",500,39584,"4-1-1","Alloy 617",314626,"Plate"
170.16,0.00057,"Qualified",,3993.00,"CapPass","Cycle 500",500,39585,"4-1-1","Alloy 617",314626,"Plate"
172.68,0.00060,"Qualified",,3993.02,"CapPass","Cycle 500",500,39586,"4-1-1","Alloy 617",314626,"Plate"
175.53,0.00063,"Qualified",,3993.05,"CapPass","Cycle 500",500,39587,"4-1-1","Alloy 617",314626,"Plate"
178.53,0.00065,"Qualified",,3993.08,"CapPass","Cycle 500",500,39588,"4-1-1","Alloy 617",314626,"Plate"
181.44,0.00068,"Qualified",,3993.11,"CapPass","Cycle 500",500,39589,"4-1-1","Alloy 617",314626,"Plate"
183.97,0.00070,"Qualified",,3993.13,"CapPass","Cycle 500",500,39590,"4-1-1","Alloy 617",314626,"Plate"
186.54,0.00073,"Qualified",,3993.15,"CapPass","Cycle 500",500,39591,"4-1-1","Alloy 617",314626,"Plate"
188.94,0.00075,"Qualified",,3993.17,"CapPass","Cycle 500",500,39592,"4-1-1","Alloy 617",314626,"Plate"
188.43,0.00078,"Qualified",,3993.19,"CapPass","Cycle 500",500,39593,"4-1-1","Alloy 617",314626,"Plate"
188.48,0.00080,"Qualified",,3993.19,"CapPass","Cycle 500",500,39594,"4-1-1","Alloy 617",314626,"Plate"
188.59,0.00083,"Qualified",,3993.20,"CapPass","Cycle 500",500,39595,"4-1-1","Alloy 617",314626,"Plate"
188.77,0.00086,"Qualified",,3993.20,"CapPass","Cycle 500",500,39596,"4-1-1","Alloy 617",314626,"Plate"
189.05,0.00089,"Qualified",,3993.20,"CapPass","Cycle 500",500,39597,"4-1-1","Alloy 617",314626,"Plate"
189.61,0.00092,"Qualified",,3993.21,"CapPass","Cycle 500",500,39598,"4-1-1","Alloy 617",314626,"Plate"
186.91,0.00094,"Qualified",,3993.37,"CapPass","Cycle 500",500,39599,"4-1-1","Alloy 617",314626,"Plate"
189.68,0.00097,"Qualified",,3993.41,"CapPass","Cycle 500",500,39600,"4-1-1","Alloy 617",314626,"Plate"
192.46,0.00099,"Qualified",,3993.44,"CapPass","Cycle 500",500,39601,"4-1-1","Alloy 617",314626,"Plate"
195.15,0.00102,"Qualified",,3993.46,"CapPass","Cycle 500",500,39602,"4-1-1","Alloy 617",314626,"Plate"
197.97,0.00105,"Qualified",,3993.49,"CapPass","Cycle 500",500,39603,"4-1-1","Alloy 617",314626,"Plate"
200.53,0.00107,"Qualified",,3993.51,"CapPass","Cycle 500",500,39604,"4-1-1","Alloy 617",314626,"Plate"
202.95,0.00110,"Qualified",,3993.54,"CapPass","Cycle 500",500,39605,"4-1-1","Alloy 617",314626,"Plate"
204.58,0.00112,"Qualified",,3993.55,"CapPass","Cycle 500",500,39606,"4-1-1","Alloy 617",314626,"Plate"
201.85,0.00115,"Qualified",,3993.56,"CapPass","Cycle 500",500,39607,"4-1-1","Alloy 617",314626,"Plate"
202.17,0.00117,"Qualified",,3993.56,"CapPass","Cycle 500",500,39608,"4-1-1","Alloy 617",314626,"Plate"
202.39,0.00121,"Qualified",,3993.56,"CapPass","Cycle 500",500,39609,"4-1-1","Alloy 617",314626,"Plate"
202.54,0.00126,"Qualified",,3993.57,"CapPass","Cycle 500",500,39610,"4-1-1","Alloy 617",314626,"Plate"
202.77,0.00131,"Qualified",,3993.57,"CapPass","Cycle 500",500,39611,"4-1-1","Alloy 617",314626,"Plate"
203.03,0.00135,"Qualified",,3993.57,"CapPass","Cycle 500",500,39612,"4-1-1","Alloy 617",314626,"Plate"
203.22,0.00138,"Qualified",,3993.57,"CapPass","Cycle 500",500,39613,"4-1-1","Alloy 617",314626,"Plate"
194.60,0.00135,"Qualified",,3993.66,"CapPass","Cycle 500",500,39614,"4-1-1","Alloy 617",314626,"Plate"
189.53,0.00133,"Qualified",,3993.70,"CapPass","Cycle 500",500,39615,"4-1-1","Alloy 617",314626,"Plate"
190.62,0.00135,"Qualified",,3993.82,"CapPass","Cycle 500",500,39616,"4-1-1","Alloy 617",314626,"Plate"
193.94,0.00138,"Qualified",,3993.84,"CapPass","Cycle 500",500,39617,"4-1-1","Alloy 617",314626,"Plate"
196.67,0.00140,"Qualified",,3993.86,"CapPass","Cycle 500",500,39618,"4-1-1","Alloy 617",314626,"Plate"
196.97,0.00140,"Qualified",,3993.86,"CapPass","Cycle 500",500,39619,"4-1-1","Alloy 617",314626,"Plate"
200.10,0.00143,"Qualified",,3993.88,"CapPass","Cycle 500",500,39620,"4-1-1","Alloy 617",314626,"Plate"
203.11,0.00146,"Qualified",,3993.90,"CapPass","Cycle 500",500,39621,"4-1-1","Alloy 617",314626,"Plate"
205.76,0.00148,"Qualified",,3993.92,"CapPass","Cycle 500",500,39622,"4-1-1","Alloy 617",314626,"Plate"
208.40,0.00151,"Qualified",,3993.94,"CapPass","Cycle 500",500,39623,"4-1-1","Alloy 617",314626,"Plate"
210.93,0.00153,"Qualified",,3993.96,"CapPass","Cycle 500",500,39624,"4-1-1","Alloy 617",314626,"Plate"
213.22,0.00156,"Qualified",,3993.98,"CapPass","Cycle 500",500,39625,"4-1-1","Alloy 617",314626,"Plate"
209.30,0.00158,"Qualified",,3994.00,"CapPass","Cycle 500",500,39626,"4-1-1","Alloy 617",314626,"Plate"
209.86,0.00162,"Qualified",,3994.01,"CapPass","Cycle 500",500,39627,"4-1-1","Alloy 617",314626,"Plate"
210.15,0.00165,"Qualified",,3994.01,"CapPass","Cycle 500",500,39628,"4-1-1","Alloy 617",314626,"Plate"
210.33,0.00170,"Qualified",,3994.01,"CapPass","Cycle 500",500,39629,"4-1-1","Alloy 617",314626,"Plate"
210.38,0.00173,"Qualified",,3994.01,"CapPass","Cycle 500",500,39630,"4-1-1","Alloy 617",314626,"Plate"
210.46,0.00176,"Qualified",,3994.01,"CapPass","Cycle 500",500,39631,"4-1-1","Alloy 617",314626,"Plate"
210.56,0.00179,"Qualified",,3994.02,"CapPass","Cycle 500",500,39632,"4-1-1","Alloy 617",314626,"Plate"
210.78,0.00183,"Qualified",,3994.02,"CapPass","Cycle 500",500,39633,"4-1-1","Alloy 617",314626,"Plate"
210.93,0.00186,"Qualified",,3994.02,"CapPass","Cycle 500",500,39634,"4-1-1","Alloy 617",314626,"Plate"
203.70,0.00183,"Qualified",,3994.09,"CapPass","Cycle 500",500,39635,"4-1-1","Alloy 617",314626,"Plate"
198.50,0.00180,"Qualified",,3994.12,"CapPass","Cycle 500",500,39636,"4-1-1","Alloy 617",314626,"Plate"
194.59,0.00178,"Qualified",,3994.14,"CapPass","Cycle 500",500,39637,"4-1-1","Alloy 617",314626,"Plate"
190.44,0.00175,"Qualified",,3994.17,"CapPass","Cycle 500",500,39638,"4-1-1","Alloy 617",314626,"Plate"
193.05,0.00178,"Qualified",,3994.25,"CapPass","Cycle 500",500,39639,"4-1-1","Alloy 617",314626,"Plate"
196.16,0.00180,"Qualified",,3994.27,"CapPass","Cycle 500",500,39640,"4-1-1","Alloy 617",314626,"Plate"
199.37,0.00183,"Qualified",,3994.29,"CapPass","Cycle 500",500,39641,"4-1-1","Alloy 617",314626,"Plate"
202.51,0.00186,"Qualified",,3994.31,"CapPass","Cycle 500",500,39642,"4-1-1","Alloy 617",314626,"Plate"
205.26,0.00188,"Qualified",,3994.33,"CapPass","Cycle 500",500,39643,"4-1-1","Alloy 617",314626,"Plate"
208.07,0.00191,"Qualified",,3994.35,"CapPass","Cycle 500",500,39644,"4-1-1","Alloy 617",314626,"Plate"
210.30,0.00193,"Qualified",,3994.37,"CapPass","Cycle 500",500,39645,"4-1-1","Alloy 617",314626,"Plate"
199.86,0.00191,"Qualified",,3994.48,"CapPass","Cycle 500",500,39646,"4-1-1","Alloy 617",314626,"Plate"
195.39,0.00188,"Qualified",,3994.50,"CapPass","Cycle 500",500,39647,"4-1-1","Alloy 617",314626,"Plate"
191.01,0.00185,"Qualified",,3994.52,"CapPass","Cycle 500",500,39648,"4-1-1","Alloy 617",314626,"Plate"
187.06,0.00183,"Qualified",,3994.54,"CapPass","Cycle 500",500,39649,"4-1-1","Alloy 617",314626,"Plate"
182.69,0.00180,"Qualified",,3994.56,"CapPass","Cycle 500",500,39650,"4-1-1","Alloy 617",314626,"Plate"
178.72,0.00178,"Qualified",,3994.58,"CapPass","Cycle 500",500,39651,"4-1-1","Alloy 617",314626,"Plate"
174.75,0.00175,"Qualified",,3994.59,"CapPass","Cycle 500",500,39652,"4-1-1","Alloy 617",314626,"Plate"
170.44,0.00173,"Qualified",,3994.62,"CapPass","Cycle 500",500,39653,"4-1-1","Alloy 617",314626,"Plate"
166.49,0.00170,"Qualified",,3994.64,"CapPass","Cycle 500",500,39654,"4-1-1","Alloy 617",314626,"Plate"
162.14,0.00168,"Qualified",,3994.66,"CapPass","Cycle 500",500,39655,"4-1-1","Alloy 617",314626,"Plate"
157.95,0.00165,"Qualified",,3994.69,"CapPass","Cycle 500",500,39656,"4-1-1","Alloy 617",314626,"Plate"
153.84,0.00162,"Qualified",,3994.72,"CapPass","Cycle 500",500,39657,"4-1-1","Alloy 617",314626,"Plate"
149.65,0.00160,"Qualified",,3994.75,"CapPass","Cycle 500",500,39658,"4-1-1","Alloy 617",314626,"Plate"
145.42,0.00157,"Qualified",,3994.78,"CapPass","Cycle 500",500,39659,"4-1-1","Alloy 617",314626,"Plate"
141.09,0.00155,"Qualified",,3994.81,"CapPass","Cycle 500",500,39660,"4-1-1","Alloy 617",314626,"Plate"
136.90,0.00152,"Qualified",,3994.84,"CapPass","Cycle 500",500,39661,"4-1-1","Alloy 617",314626,"Plate"
133.88,0.00150,"Qualified",,3994.86,"CapPass","Cycle 500",500,39662,"4-1-1","Alloy 617",314626,"Plate"
132.75,0.00150,"Qualified",,3994.87,"CapPass","Cycle 500",500,39663,"4-1-1","Alloy 617",314626,"Plate"
128.34,0.00147,"Qualified",,3994.90,"CapPass","Cycle 500",500,39664,"4-1-1","Alloy 617",314626,"Plate"
124.34,0.00145,"Qualified",,3994.92,"CapPass","Cycle 500",500,39665,"4-1-1","Alloy 617",314626,"Plate"
120.52,0.00142,"Qualified",,3994.95,"CapPass","Cycle 500",500,39666,"4-1-1","Alloy 617",314626,"Plate"
116.30,0.00140,"Qualified",,3994.97,"CapPass","Cycle 500",500,39667,"4-1-1","Alloy 617",314626,"Plate"
112.17,0.00137,"Qualified",,3995.00,"CapPass","Cycle 500",500,39668,"4-1-1","Alloy 617",314626,"Plate"
108.85,0.00135,"Qualified",,3995.02,"CapPass","Cycle 500",500,39669,"4-1-1","Alloy 617",314626,"Plate"
104.63,0.00132,"Qualified",,3995.05,"CapPass","Cycle 500",500,39670,"4-1-1","Alloy 617",314626,"Plate"
101.02,0.00129,"Qualified",,3995.08,"CapPass","Cycle 500",500,39671,"4-1-1","Alloy 617",314626,"Plate"
97.28,0.00127,"Qualified",,3995.10,"CapPass","Cycle 500",500,39672,"4-1-1","Alloy 617",314626,"Plate"
93.11,0.00124,"Qualified",,3995.13,"CapPass","Cycle 500",500,39673,"4-1-1","Alloy 617",314626,"Plate"
89.53,0.00122,"Qualified",,3995.16,"CapPass","Cycle 500",500,39674,"4-1-1","Alloy 617",314626,"Plate"
85.49,0.00119,"Qualified",,3995.19,"CapPass","Cycle 500",500,39675,"4-1-1","Alloy 617",314626,"Plate"
81.56,0.00117,"Qualified",,3995.21,"CapPass","Cycle 500",500,39676,"4-1-1","Alloy 617",314626,"Plate"
77.73,0.00114,"Qualified",,3995.24,"CapPass","Cycle 500",500,39677,"4-1-1","Alloy 617",314626,"Plate"
73.73,0.00112,"Qualified",,3995.27,"CapPass","Cycle 500",500,39678,"4-1-1","Alloy 617",314626,"Plate"
69.53,0.00109,"Qualified",,3995.30,"CapPass","Cycle 500",500,39679,"4-1-1","Alloy 617",314626,"Plate"
65.76,0.00107,"Qualified",,3995.33,"CapPass","Cycle 500",500,39680,"4-1-1","Alloy 617",314626,"Plate"
61.94,0.00104,"Qualified",,3995.35,"CapPass","Cycle 500",500,39681,"4-1-1","Alloy 617",314626,"Plate"
58.06,0.00101,"Qualified",,3995.38,"CapPass","Cycle 500",500,39682,"4-1-1","Alloy 617",314626,"Plate"
54.37,0.00099,"Qualified",,3995.41,"CapPass","Cycle 500",500,39683,"4-1-1","Alloy 617",314626,"Plate"
50.48,0.00096,"Qualified",,3995.43,"CapPass","Cycle 500",500,39684,"4-1-1","Alloy 617",314626,"Plate"
46.93,0.00094,"Qualified",,3995.46,"CapPass","Cycle 500",500,39685,"4-1-1","Alloy 617",314626,"Plate"
43.06,0.00091,"Qualified",,3995.49,"CapPass","Cycle 500",500,39686,"4-1-1","Alloy 617",314626,"Plate"
39.37,0.00089,"Qualified",,3995.51,"CapPass","Cycle 500",500,39687,"4-1-1","Alloy 617",314626,"Plate"
35.77,0.00086,"Qualified",,3995.54,"CapPass","Cycle 500",500,39688,"4-1-1","Alloy 617",314626,"Plate"
32.11,0.00084,"Qualified",,3995.57,"CapPass","Cycle 500",500,39689,"4-1-1","Alloy 617",314626,"Plate"
28.37,0.00081,"Qualified",,3995.59,"CapPass","Cycle 500",500,39690,"4-1-1","Alloy 617",314626,"Plate"
24.97,0.00078,"Qualified",,3995.62,"CapPass","Cycle 500",500,39691,"4-1-1","Alloy 617",314626,"Plate"
21.27,0.00076,"Qualified",,3995.65,"CapPass","Cycle 500",500,39692,"4-1-1","Alloy 617",314626,"Plate"
17.32,0.00073,"Qualified",,3995.68,"CapPass","Cycle 500",500,39693,"4-1-1","Alloy 617",314626,"Plate"
13.47,0.00071,"Qualified",,3995.71,"CapPass","Cycle 500",500,39694,"4-1-1","Alloy 617",314626,"Plate"
9.45,0.00068,"Qualified",,3995.73,"CapPass","Cycle 500",500,39695,"4-1-1","Alloy 617",314626,"Plate"
5.58,0.00066,"Qualified",,3995.76,"CapPass","Cycle 500",500,39696,"4-1-1","Alloy 617",314626,"Plate"
1.97,0.00063,"Qualified",,3995.79,"CapPass","Cycle 500",500,39697,"4-1-1","Alloy 617",314626,"Plate"
-1.30,0.00061,"Qualified",,3995.81,"CapPass","Cycle 500",500,39698,"4-1-1","Alloy 617",314626,"Plate"
-5.06,0.00058,"Qualified",,3995.84,"CapPass","Cycle 500",500,39699,"4-1-1","Alloy 617",314626,"Plate"
-7.66,0.00056,"Qualified",,3995.86,"CapPass","Cycle 500",500,39700,"4-1-1","Alloy 617",314626,"Plate"
-8.67,0.00056,"Qualified",,3995.87,"CapPass","Cycle 500",500,39701,"4-1-1","Alloy 617",314626,"Plate"
-12.03,0.00053,"Qualified",,3995.89,"CapPass","Cycle 500",500,39702,"4-1-1","Alloy 617",314626,"Plate"
-15.53,0.00051,"Qualified",,3995.92,"CapPass","Cycle 500",500,39703,"4-1-1","Alloy 617",314626,"Plate"
-18.48,0.00048,"Qualified",,3995.95,"CapPass","Cycle 500",500,39704,"4-1-1","Alloy 617",314626,"Plate"
-21.04,0.00046,"Qualified",,3995.99,"CapPass","Cycle 500",500,39705,"4-1-1","Alloy 617",314626,"Plate"
-23.26,0.00043,"Qualified",,3996.09,"CapPass","Cycle 500",500,39706,"4-1-1","Alloy 617",314626,"Plate"
-27.07,0.00040,"Qualified",,3996.15,"CapPass","Cycle 500",500,39707,"4-1-1","Alloy 617",314626,"Plate"
-30.61,0.00038,"Qualified",,3996.18,"CapPass","Cycle 500",500,39708,"4-1-1","Alloy 617",314626,"Plate"
-34.03,0.00035,"Qualified",,3996.21,"CapPass","Cycle 500",500,39709,"4-1-1","Alloy 617",314626,"Plate"
-37.82,0.00033,"Qualified",,3996.24,"CapPass","Cycle 500",500,39710,"4-1-1","Alloy 617",314626,"Plate"
-41.26,0.00030,"Qualified",,3996.26,"CapPass","Cycle 500",500,39711,"4-1-1","Alloy 617",314626,"Plate"
-44.89,0.00028,"Qualified",,3996.29,"CapPass","Cycle 500",500,39712,"4-1-1","Alloy 617",314626,"Plate"
-48.93,0.00025,"Qualified",,3996.31,"CapPass","Cycle 500",500,39713,"4-1-1","Alloy 617",314626,"Plate"
-52.83,0.00023,"Qualified",,3996.33,"CapPass","Cycle 500",500,39714,"4-1-1","Alloy 617",314626,"Plate"
-56.88,0.00020,"Qualified",,3996.34,"CapPass","Cycle 500",500,39715,"4-1-1","Alloy 617",314626,"Plate"
-60.56,0.00017,"Qualified",,3996.35,"CapPass","Cycle 500",500,39716,"4-1-1","Alloy 617",314626,"Plate"
-64.19,0.00015,"Qualified",,3996.37,"CapPass","Cycle 500",500,39717,"4-1-1","Alloy 617",314626,"Plate"
-67.41,0.00012,"Qualified",,3996.38,"CapPass","Cycle 500",500,39718,"4-1-1","Alloy 617",314626,"Plate"
-70.81,0.00010,"Qualified",,3996.40,"CapPass","Cycle 500",500,39719,"4-1-1","Alloy 617",314626,"Plate"
-74.69,0.00007,"Qualified",,3996.42,"CapPass","Cycle 500",500,39720,"4-1-1","Alloy 617",314626,"Plate"
-78.03,0.00005,"Qualified",,3996.43,"CapPass","Cycle 500",500,39721,"4-1-1","Alloy 617",314626,"Plate"
-81.43,0.00002,"Qualified",,3996.45,"CapPass","Cycle 500",500,39722,"4-1-1","Alloy 617",314626,"Plate"
-85.24,-0.00000,"Qualified",,3996.47,"CapPass","Cycle 500",500,39723,"4-1-1","Alloy 617",314626,"Plate"
-88.68,-0.00003,"Qualified",,3996.48,"CapPass","Cycle 500",500,39724,"4-1-1","Alloy 617",314626,"Plate"
-91.90,-0.00006,"Qualified",,3996.50,"CapPass","Cycle 500",500,39725,"4-1-1","Alloy 617",314626,"Plate"
-95.29,-0.00008,"Qualified",,3996.52,"CapPass","Cycle 500",500,39726,"4-1-1","Alloy 617",314626,"Plate"
-98.76,-0.00011,"Qualified",,3996.54,"CapPass","Cycle 500",500,39727,"4-1-1","Alloy 617",314626,"Plate"
-102.21,-0.00013,"Qualified",,3996.56,"CapPass","Cycle 500",500,39728,"4-1-1","Alloy 617",314626,"Plate"
-105.17,-0.00016,"Qualified",,3996.58,"CapPass","Cycle 500",500,39729,"4-1-1","Alloy 617",314626,"Plate"
-108.16,-0.00018,"Qualified",,3996.59,"CapPass","Cycle 500",500,39730,"4-1-1","Alloy 617",314626,"Plate"
-111.23,-0.00021,"Qualified",,3996.62,"CapPass","Cycle 500",500,39731,"4-1-1","Alloy 617",314626,"Plate"
-114.31,-0.00024,"Qualified",,3996.64,"CapPass","Cycle 500",500,39732,"4-1-1","Alloy 617",314626,"Plate"
-117.35,-0.00026,"Qualified",,3996.67,"CapPass","Cycle 500",500,39733,"4-1-1","Alloy 617",314626,"Plate"
-119.86,-0.00029,"Qualified",,3996.69,"CapPass","Cycle 500",500,39734,"4-1-1","Alloy 617",314626,"Plate"
-123.28,-0.00031,"Qualified",,3996.72,"CapPass","Cycle 500",500,39735,"4-1-1","Alloy 617",314626,"Plate"
-126.92,-0.00034,"Qualified",,3996.75,"CapPass","Cycle 500",500,39736,"4-1-1","Alloy 617",314626,"Plate"
-129.74,-0.00036,"Qualified",,3996.78,"CapPass","Cycle 500",500,39737,"4-1-1","Alloy 617",314626,"Plate"
-132.46,-0.00039,"Qualified",,3996.80,"CapPass","Cycle 500",500,39738,"4-1-1","Alloy 617",314626,"Plate"
-135.32,-0.00042,"Qualified",,3996.83,"CapPass","Cycle 500",500,39739,"4-1-1","Alloy 617",314626,"Plate"
-137.94,-0.00044,"Qualified",,3996.85,"CapPass","Cycle 500",500,39740,"4-1-1","Alloy 617",314626,"Plate"
-138.95,-0.00045,"Qualified",,3996.86,"CapPass","Cycle 500",500,39741,"4-1-1","Alloy 617",314626,"Plate"
-140.76,-0.00047,"Qualified",,3996.88,"CapPass","Cycle 500",500,39742,"4-1-1","Alloy 617",314626,"Plate"
-143.63,-0.00049,"Qualified",,3996.90,"CapPass","Cycle 500",500,39743,"4-1-1","Alloy 617",314626,"Plate"
-146.30,-0.00052,"Qualified",,3996.93,"CapPass","Cycle 500",500,39744,"4-1-1","Alloy 617",314626,"Plate"
-149.11,-0.00054,"Qualified",,3996.95,"CapPass","Cycle 500",500,39745,"4-1-1","Alloy 617",314626,"Plate"
-151.88,-0.00057,"Qualified",,3996.98,"CapPass","Cycle 500",500,39746,"4-1-1","Alloy 617",314626,"Plate"
-154.57,-0.00059,"Qualified",,3997.00,"CapPass","Cycle 500",500,39747,"4-1-1","Alloy 617",314626,"Plate"
-157.49,-0.00062,"Qualified",,3997.03,"CapPass","Cycle 500",500,39748,"4-1-1","Alloy 617",314626,"Plate"
-160.00,-0.00064,"Qualified",,3997.06,"CapPass","Cycle 500",500,39749,"4-1-1","Alloy 617",314626,"Plate"
-163.17,-0.00067,"Qualified",,3997.09,"CapPass","Cycle 500",500,39750,"4-1-1","Alloy 617",314626,"Plate"
-166.39,-0.00070,"Qualified",,3997.12,"CapPass","Cycle 500",500,39751,"4-1-1","Alloy 617",314626,"Plate"
-168.98,-0.00072,"Qualified",,3997.14,"CapPass","Cycle 500",500,39752,"4-1-1","Alloy 617",314626,"Plate"
-171.62,-0.00075,"Qualified",,3997.17,"CapPass","Cycle 500",500,39753,"4-1-1","Alloy 617",314626,"Plate"
-174.36,-0.00077,"Qualified",,3997.19,"CapPass","Cycle 500",500,39754,"4-1-1","Alloy 617",314626,"Plate"
-177.22,-0.00080,"Qualified",,3997.22,"CapPass","Cycle 500",500,39755,"4-1-1","Alloy 617",314626,"Plate"
-180.07,-0.00082,"Qualified",,3997.24,"CapPass","Cycle 500",500,39756,"4-1-1","Alloy 617",314626,"Plate"
-182.89,-0.00085,"Qualified",,3997.27,"CapPass","Cycle 500",500,39757,"4-1-1","Alloy 617",314626,"Plate"
-185.73,-0.00087,"Qualified",,3997.30,"CapPass","Cycle 500",500,39758,"4-1-1","Alloy 617",314626,"Plate"
-188.04,-0.00090,"Qualified",,3997.32,"CapPass","Cycle 500",500,39759,"4-1-1","Alloy 617",314626,"Plate"
-190.38,-0.00092,"Qualified",,3997.34,"CapPass","Cycle 500",500,39760,"4-1-1","Alloy 617",314626,"Plate"
-192.54,-0.00095,"Qualified",,3997.36,"CapPass","Cycle 500",500,39761,"4-1-1","Alloy 617",314626,"Plate"
-193.93,-0.00098,"Qualified",,3997.38,"CapPass","Cycle 500",500,39762,"4-1-1","Alloy 617",314626,"Plate"
-194.11,-0.00100,"Qualified",,3997.39,"CapPass","Cycle 500",500,39763,"4-1-1","Alloy 617",314626,"Plate"
-194.74,-0.00103,"Qualified",,3997.40,"CapPass","Cycle 500",500,39764,"4-1-1","Alloy 617",314626,"Plate"
-195.72,-0.00105,"Qualified",,3997.42,"CapPass","Cycle 500",500,39765,"4-1-1","Alloy 617",314626,"Plate"
-196.32,-0.00108,"Qualified",,3997.44,"CapPass","Cycle 500",500,39766,"4-1-1","Alloy 617",314626,"Plate"
-197.00,-0.00111,"Qualified",,3997.49,"CapPass","Cycle 500",500,39767,"4-1-1","Alloy 617",314626,"Plate"
-198.06,-0.00113,"Qualified",,3997.54,"CapPass","Cycle 500",500,39768,"4-1-1","Alloy 617",314626,"Plate"
-199.44,-0.00116,"Qualified",,3997.57,"CapPass","Cycle 500",500,39769,"4-1-1","Alloy 617",314626,"Plate"
-201.44,-0.00118,"Qualified",,3997.60,"CapPass","Cycle 500",500,39770,"4-1-1","Alloy 617",314626,"Plate"
-203.34,-0.00121,"Qualified",,3997.63,"CapPass","Cycle 500",500,39771,"4-1-1","Alloy 617",314626,"Plate"
-204.38,-0.00123,"Qualified",,3997.66,"CapPass","Cycle 500",500,39772,"4-1-1","Alloy 617",314626,"Plate"
-204.85,-0.00126,"Qualified",,3997.66,"CapPass","Cycle 500",500,39773,"4-1-1","Alloy 617",314626,"Plate"
-205.34,-0.00129,"Qualified",,3997.67,"CapPass","Cycle 500",500,39774,"4-1-1","Alloy 617",314626,"Plate"
-206.90,-0.00131,"Qualified",,3997.69,"CapPass","Cycle 500",500,39775,"4-1-1","Alloy 617",314626,"Plate"
-209.37,-0.00134,"Qualified",,3997.75,"CapPass","Cycle 500",500,39776,"4-1-1","Alloy 617",314626,"Plate"
-206.98,-0.00136,"Qualified",,3997.77,"CapPass","Cycle 500",500,39777,"4-1-1","Alloy 617",314626,"Plate"
-207.04,-0.00140,"Qualified",,3997.77,"CapPass","Cycle 500",500,39778,"4-1-1","Alloy 617",314626,"Plate"
-207.18,-0.00143,"Qualified",,3997.77,"CapPass","Cycle 500",500,39779,"4-1-1","Alloy 617",314626,"Plate"
-207.30,-0.00148,"Qualified",,3997.78,"CapPass","Cycle 500",500,39780,"4-1-1","Alloy 617",314626,"Plate"
-207.38,-0.00152,"Qualified",,3997.78,"CapPass","Cycle 500",500,39781,"4-1-1","Alloy 617",314626,"Plate"
-207.54,-0.00156,"Qualified",,3997.78,"CapPass","Cycle 500",500,39782,"4-1-1","Alloy 617",314626,"Plate"
-207.75,-0.00159,"Qualified",,3997.78,"CapPass","Cycle 500",500,39783,"4-1-1","Alloy 617",314626,"Plate"
-208.10,-0.00156,"Qualified",,3997.79,"CapPass","Cycle 500",500,39784,"4-1-1","Alloy 617",314626,"Plate"
-207.78,-0.00159,"Qualified",,3997.80,"CapPass","Cycle 500",500,39785,"4-1-1","Alloy 617",314626,"Plate"
-201.01,-0.00156,"Qualified",,3997.85,"CapPass","Cycle 500",500,39786,"4-1-1","Alloy 617",314626,"Plate"
-200.32,-0.00156,"Qualified",,3997.86,"CapPass","Cycle 500",500,39787,"4-1-1","Alloy 617",314626,"Plate"
-196.43,-0.00154,"Qualified",,3997.88,"CapPass","Cycle 500",500,39788,"4-1-1","Alloy 617",314626,"Plate"
-192.09,-0.00151,"Qualified",,3997.92,"CapPass","Cycle 500",500,39789,"4-1-1","Alloy 617",314626,"Plate"
-195.10,-0.00154,"Qualified",,3998.02,"CapPass","Cycle 500",500,39790,"4-1-1","Alloy 617",314626,"Plate"
-198.57,-0.00156,"Qualified",,3998.04,"CapPass","Cycle 500",500,39791,"4-1-1","Alloy 617",314626,"Plate"
-201.53,-0.00159,"Qualified",,3998.06,"CapPass","Cycle 500",500,39792,"4-1-1","Alloy 617",314626,"Plate"
-205.36,-0.00161,"Qualified",,3998.08,"CapPass","Cycle 500",500,39793,"4-1-1","Alloy 617",314626,"Plate"
-207.91,-0.00164,"Qualified",,3998.10,"CapPass","Cycle 500",500,39794,"4-1-1","Alloy 617",314626,"Plate"
-211.53,-0.00167,"Qualified",,3998.12,"CapPass","Cycle 500",500,39795,"4-1-1","Alloy 617",314626,"Plate"
-214.13,-0.00169,"Qualified",,3998.14,"CapPass","Cycle 500",500,39796,"4-1-1","Alloy 617",314626,"Plate"
-217.48,-0.00172,"Qualified",,3998.16,"CapPass","Cycle 500",500,39797,"4-1-1","Alloy 617",314626,"Plate"
-220.22,-0.00174,"Qualified",,3998.18,"CapPass","Cycle 500",500,39798,"4-1-1","Alloy 617",314626,"Plate"
-216.56,-0.00177,"Qualified",,3998.20,"CapPass","Cycle 500",500,39799,"4-1-1","Alloy 617",314626,"Plate"
-216.97,-0.00180,"Qualified",,3998.20,"CapPass","Cycle 500",500,39800,"4-1-1","Alloy 617",314626,"Plate"
-217.22,-0.00184,"Qualified",,3998.20,"CapPass","Cycle 500",500,39801,"4-1-1","Alloy 617",314626,"Plate"
-217.42,-0.00188,"Qualified",,3998.20,"CapPass","Cycle 500",500,39802,"4-1-1","Alloy 617",314626,"Plate"
-217.67,-0.00192,"Qualified",,3998.20,"CapPass","Cycle 500",500,39803,"4-1-1","Alloy 617",314626,"Plate"
-217.93,-0.00196,"Qualified",,3998.21,"CapPass","Cycle 500",500,39804,"4-1-1","Alloy 617",314626,"Plate"
-218.26,-0.00198,"Qualified",,3998.21,"CapPass","Cycle 500",500,39805,"4-1-1","Alloy 617",314626,"Plate"
-210.22,-0.00196,"Qualified",,3998.32,"CapPass","Cycle 500",500,39806,"4-1-1","Alloy 617",314626,"Plate"
-204.73,-0.00193,"Qualified",,3998.38,"CapPass","Cycle 500",500,39807,"4-1-1","Alloy 617",314626,"Plate"
-199.11,-0.00191,"Qualified",,3998.43,"CapPass","Cycle 500",500,39808,"4-1-1","Alloy 617",314626,"Plate"
-194.28,-0.00188,"Qualified",,3998.47,"CapPass","Cycle 500",500,39809,"4-1-1","Alloy 617",314626,"Plate"
-189.75,-0.00186,"Qualified",,3998.50,"CapPass","Cycle 500",500,39810,"4-1-1","Alloy 617",314626,"Plate"
-185.45,-0.00183,"Qualified",,3998.52,"CapPass","Cycle 500",500,39811,"4-1-1","Alloy 617",314626,"Plate"
-181.01,-0.00180,"Qualified",,3998.55,"CapPass","Cycle 500",500,39812,"4-1-1","Alloy 617",314626,"Plate"
-177.00,-0.00178,"Qualified",,3998.57,"CapPass","Cycle 500",500,39813,"4-1-1","Alloy 617",314626,"Plate"
-172.99,-0.00175,"Qualified",,3998.60,"CapPass","Cycle 500",500,39814,"4-1-1","Alloy 617",314626,"Plate"
-168.76,-0.00173,"Qualified",,3998.62,"CapPass","Cycle 500",500,39815,"4-1-1","Alloy 617",314626,"Plate"
-165.13,-0.00170,"Qualified",,3998.64,"CapPass","Cycle 500",500,39816,"4-1-1","Alloy 617",314626,"Plate"
-161.10,-0.00168,"Qualified",,3998.67,"CapPass","Cycle 500",500,39817,"4-1-1","Alloy 617",314626,"Plate"
-156.93,-0.00165,"Qualified",,3998.70,"CapPass","Cycle 500",500,39818,"4-1-1","Alloy 617",314626,"Plate"
-153.21,-0.00163,"Qualified",,3998.72,"CapPass","Cycle 500",500,39819,"4-1-1","Alloy 617",314626,"Plate"
-149.29,-0.00160,"Qualified",,3998.75,"CapPass","Cycle 500",500,39820,"4-1-1","Alloy 617",314626,"Plate"
-145.25,-0.00157,"Qualified",,3998.78,"CapPass","Cycle 500",500,39821,"4-1-1","Alloy 617",314626,"Plate"
-141.31,-0.00155,"Qualified",,3998.80,"CapPass","Cycle 500",500,39822,"4-1-1","Alloy 617",314626,"Plate"
-137.35,-0.00152,"Qualified",,3998.83,"CapPass","Cycle 500",500,39823,"4-1-1","Alloy 617",314626,"Plate"
-133.53,-0.00150,"Qualified",,3998.86,"CapPass","Cycle 500",500,39824,"4-1-1","Alloy 617",314626,"Plate"
-133.26,-0.00150,"Qualified",,3998.86,"CapPass","Cycle 500",500,39825,"4-1-1","Alloy 617",314626,"Plate"
-129.33,-0.00147,"Qualified",,3998.89,"CapPass","Cycle 500",500,39826,"4-1-1","Alloy 617",314626,"Plate"
-125.42,-0.00145,"Qualified",,3998.92,"CapPass","Cycle 500",500,39827,"4-1-1","Alloy 617",314626,"Plate"
-121.51,-0.00142,"Qualified",,3998.94,"CapPass","Cycle 500",500,39828,"4-1-1","Alloy 617",314626,"Plate"
-117.70,-0.00140,"Qualified",,3998.97,"CapPass","Cycle 500",500,39829,"4-1-1","Alloy 617",314626,"Plate"
-113.88,-0.00137,"Qualified",,3999.00,"CapPass","Cycle 500",500,39830,"4-1-1","Alloy 617",314626,"Plate"
-109.92,-0.00134,"Qualified",,3999.02,"CapPass","Cycle 500",500,39831,"4-1-1","Alloy 617",314626,"Plate"
-106.12,-0.00132,"Qualified",,3999.05,"CapPass","Cycle 500",500,39832,"4-1-1","Alloy 617",314626,"Plate"
-102.16,-0.00129,"Qualified",,3999.08,"CapPass","Cycle 500",500,39833,"4-1-1","Alloy 617",314626,"Plate"
-98.20,-0.00127,"Qualified",,3999.11,"CapPass","Cycle 500",500,39834,"4-1-1","Alloy 617",314626,"Plate"
-94.51,-0.00124,"Qualified",,3999.13,"CapPass","Cycle 500",500,39835,"4-1-1","Alloy 617",314626,"Plate"
-90.74,-0.00122,"Qualified",,3999.16,"CapPass","Cycle 500",500,39836,"4-1-1","Alloy 617",314626,"Plate"
-87.05,-0.00119,"Qualified",,3999.18,"CapPass","Cycle 500",500,39837,"4-1-1","Alloy 617",314626,"Plate"
-83.36,-0.00117,"Qualified",,3999.21,"CapPass","Cycle 500",500,39838,"4-1-1","Alloy 617",314626,"Plate"
-79.42,-0.00114,"Qualified",,3999.24,"CapPass","Cycle 500",500,39839,"4-1-1","Alloy 617",314626,"Plate"
-75.89,-0.00111,"Qualified",,3999.26,"CapPass","Cycle 500",500,39840,"4-1-1","Alloy 617",314626,"Plate"
-72.35,-0.00109,"Qualified",,3999.29,"CapPass","Cycle 500",500,39841,"4-1-1","Alloy 617",314626,"Plate"
-68.43,-0.00106,"Qualified",,3999.32,"CapPass","Cycle 500",500,39842,"4-1-1","Alloy 617",314626,"Plate"
-64.61,-0.00104,"Qualified",,3999.35,"CapPass","Cycle 500",500,39843,"4-1-1","Alloy 617",314626,"Plate"
-61.07,-0.00101,"Qualified",,3999.37,"CapPass","Cycle 500",500,39844,"4-1-1","Alloy 617",314626,"Plate"
-57.12,-0.00099,"Qualified",,3999.40,"CapPass","Cycle 500",500,39845,"4-1-1","Alloy 617",314626,"Plate"
-53.70,-0.00096,"Qualified",,3999.43,"CapPass","Cycle 500",500,39846,"4-1-1","Alloy 617",314626,"Plate"
-50.14,-0.00094,"Qualified",,3999.45,"CapPass","Cycle 500",500,39847,"4-1-1","Alloy 617",314626,"Plate"
-46.57,-0.00091,"Qualified",,3999.48,"CapPass","Cycle 500",500,39848,"4-1-1","Alloy 617",314626,"Plate"
-42.96,-0.00088,"Qualified",,3999.51,"CapPass","Cycle 500",500,39849,"4-1-1","Alloy 617",314626,"Plate"
-39.26,-0.00086,"Qualified",,3999.54,"CapPass","Cycle 500",500,39850,"4-1-1","Alloy 617",314626,"Plate"
-35.56,-0.00083,"Qualified",,3999.56,"CapPass","Cycle 500",500,39851,"4-1-1","Alloy 617",314626,"Plate"
-31.96,-0.00081,"Qualified",,3999.59,"CapPass","Cycle 500",500,39852,"4-1-1","Alloy 617",314626,"Plate"
-28.26,-0.00078,"Qualified",,3999.62,"CapPass","Cycle 500",500,39853,"4-1-1","Alloy 617",314626,"Plate"
-24.58,-0.00076,"Qualified",,3999.64,"CapPass","Cycle 500",500,39854,"4-1-1","Alloy 617",314626,"Plate"
-21.02,-0.00073,"Qualified",,3999.67,"CapPass","Cycle 500",500,39855,"4-1-1","Alloy 617",314626,"Plate"
-17.32,-0.00071,"Qualified",,3999.70,"CapPass","Cycle 500",500,39856,"4-1-1","Alloy 617",314626,"Plate"
-13.89,-0.00068,"Qualified",,3999.72,"CapPass","Cycle 500",500,39857,"4-1-1","Alloy 617",314626,"Plate"
-10.06,-0.00066,"Qualified",,3999.75,"CapPass","Cycle 500",500,39858,"4-1-1","Alloy 617",314626,"Plate"
-6.22,-0.00063,"Qualified",,3999.78,"CapPass","Cycle 500",500,39859,"4-1-1","Alloy 617",314626,"Plate"
-2.61,-0.00061,"Qualified",,3999.81,"CapPass","Cycle 500",500,39860,"4-1-1","Alloy 617",314626,"Plate"
1.15,-0.00058,"Qualified",,3999.84,"CapPass","Cycle 500",500,39861,"4-1-1","Alloy 617",314626,"Plate"
4.22,-0.00056,"Qualified",,3999.86,"CapPass","Cycle 500",500,39862,"4-1-1","Alloy 617",314626,"Plate"
4.82,-0.00056,"Qualified",,3999.86,"CapPass","Cycle 500",500,39863,"4-1-1","Alloy 617",314626,"Plate"
8.80,-0.00053,"Qualified",,3999.89,"CapPass","Cycle 500",500,39864,"4-1-1","Alloy 617",314626,"Plate"
12.49,-0.00050,"Qualified",,3999.92,"CapPass","Cycle 500",500,39865,"4-1-1","Alloy 617",314626,"Plate"
16.36,-0.00048,"Qualified",,3999.95,"CapPass","Cycle 500",500,39866,"4-1-1","Alloy 617",314626,"Plate"
20.05,-0.00045,"Qualified",,3999.97,"CapPass","Cycle 500",500,39867,"4-1-1","Alloy 617",314626,"Plate"
24.05,-0.00043,"Qualified",,4000.00,"CapPass","Cycle 500",500,39868,"4-1-1","Alloy 617",314626,"Plate"
27.13,-0.00040,"Qualified",,4000.03,"CapPass","Cycle 500",500,39869,"4-1-1","Alloy 617",314626,"Plate"
30.09,-0.00038,"Qualified",,4000.08,"CapPass","Cycle 500",500,39870,"4-1-1","Alloy 617",314626,"Plate"
33.49,-0.00035,"Qualified",,4000.12,"CapPass","Cycle 500",500,39871,"4-1-1","Alloy 617",314626,"Plate"
37.27,-0.00033,"Qualified",,4000.16,"CapPass","Cycle 500",500,39872,"4-1-1","Alloy 617",314626,"Plate"
41.01,-0.00030,"Qualified",,4000.18,"CapPass","Cycle 500",500,39873,"4-1-1","Alloy 617",314626,"Plate"
44.60,-0.00027,"Qualified",,4000.20,"CapPass","Cycle 500",500,39874,"4-1-1","Alloy 617",314626,"Plate"
48.20,-0.00025,"Qualified",,4000.22,"CapPass","Cycle 500",500,39875,"4-1-1","Alloy 617",314626,"Plate"
51.53,-0.00022,"Qualified",,4000.24,"CapPass","Cycle 500",500,39876,"4-1-1","Alloy 617",314626,"Plate"
54.98,-0.00020,"Qualified",,4000.26,"CapPass","Cycle 500",500,39877,"4-1-1","Alloy 617",314626,"Plate"
58.25,-0.00017,"Qualified",,4000.29,"CapPass","Cycle 500",500,39878,"4-1-1","Alloy 617",314626,"Plate"
67.78,-0.00014,"Qualified",,7996.74,"CapPass","Cycle 1000",1000,46159,"4-1-1","Alloy 617",314626,"Plate"
70.96,-0.00012,"Qualified",,7996.77,"CapPass","Cycle 1000",1000,46160,"4-1-1","Alloy 617",314626,"Plate"
74.64,-0.00009,"Qualified",,7996.81,"CapPass","Cycle 1000",1000,46161,"4-1-1","Alloy 617",314626,"Plate"
78.41,-0.00007,"Qualified",,7996.84,"CapPass","Cycle 1000",1000,46162,"4-1-1","Alloy 617",314626,"Plate"
80.10,-0.00006,"Qualified",,7996.86,"CapPass","Cycle 1000",1000,46163,"4-1-1","Alloy 617",314626,"Plate"
82.03,-0.00004,"Qualified",,7996.88,"CapPass","Cycle 1000",1000,46164,"4-1-1","Alloy 617",314626,"Plate"
85.35,-0.00002,"Qualified",,7996.90,"CapPass","Cycle 1000",1000,46165,"4-1-1","Alloy 617",314626,"Plate"
88.79,0.00001,"Qualified",,7996.93,"CapPass","Cycle 1000",1000,46166,"4-1-1","Alloy 617",314626,"Plate"
92.30,0.00003,"Qualified",,7996.96,"CapPass","Cycle 1000",1000,46167,"4-1-1","Alloy 617",314626,"Plate"
95.77,0.00006,"Qualified",,7996.99,"CapPass","Cycle 1000",1000,46168,"4-1-1","Alloy 617",314626,"Plate"
99.24,0.00008,"Qualified",,7997.01,"CapPass","Cycle 1000",1000,46169,"4-1-1","Alloy 617",314626,"Plate"
102.12,0.00011,"Qualified",,7997.04,"CapPass","Cycle 1000",1000,46170,"4-1-1","Alloy 617",314626,"Plate"
105.60,0.00013,"Qualified",,7997.06,"CapPass","Cycle 1000",1000,46171,"4-1-1","Alloy 617",314626,"Plate"
109.20,0.00016,"Qualified",,7997.08,"CapPass","Cycle 1000",1000,46172,"4-1-1","Alloy 617",314626,"Plate"
112.62,0.00018,"Qualified",,7997.10,"CapPass","Cycle 1000",1000,46173,"4-1-1","Alloy 617",314626,"Plate"
116.28,0.00021,"Qualified",,7997.11,"CapPass","Cycle 1000",1000,46174,"4-1-1","Alloy 617",314626,"Plate"
119.85,0.00024,"Qualified",,7997.13,"CapPass","Cycle 1000",1000,46175,"4-1-1","Alloy 617",314626,"Plate"
123.14,0.00026,"Qualified",,7997.15,"CapPass","Cycle 1000",1000,46176,"4-1-1","Alloy 617",314626,"Plate"
126.58,0.00029,"Qualified",,7997.16,"CapPass","Cycle 1000",1000,46177,"4-1-1","Alloy 617",314626,"Plate"
129.95,0.00031,"Qualified",,7997.18,"CapPass","Cycle 1000",1000,46178,"4-1-1","Alloy 617",314626,"Plate"
133.08,0.00034,"Qualified",,7997.19,"CapPass","Cycle 1000",1000,46179,"4-1-1","Alloy 617",314626,"Plate"
136.47,0.00037,"Qualified",,7997.21,"CapPass","Cycle 1000",1000,46180,"4-1-1","Alloy 617",314626,"Plate"
139.27,0.00039,"Qualified",,7997.23,"CapPass","Cycle 1000",1000,46181,"4-1-1","Alloy 617",314626,"Plate"
142.28,0.00042,"Qualified",,7997.25,"CapPass","Cycle 1000",1000,46182,"4-1-1","Alloy 617",314626,"Plate"
145.19,0.00044,"Qualified",,7997.27,"CapPass","Cycle 1000",1000,46183,"4-1-1","Alloy 617",314626,"Plate"
148.22,0.00047,"Qualified",,7997.29,"CapPass","Cycle 1000",1000,46184,"4-1-1","Alloy 617",314626,"Plate"
151.19,0.00049,"Qualified",,7997.31,"CapPass","Cycle 1000",1000,46185,"4-1-1","Alloy 617",314626,"Plate"
154.01,0.00052,"Qualified",,7997.34,"CapPass","Cycle 1000",1000,46186,"4-1-1","Alloy 617",314626,"Plate"
156.55,0.00054,"Qualified",,7997.36,"CapPass","Cycle 1000",1000,46187,"4-1-1","Alloy 617",314626,"Plate"
159.39,0.00057,"Qualified",,7997.39,"CapPass","Cycle 1000",1000,46188,"4-1-1","Alloy 617",314626,"Plate"
161.82,0.00060,"Qualified",,7997.41,"CapPass","Cycle 1000",1000,46189,"4-1-1","Alloy 617",314626,"Plate"
164.06,0.00062,"Qualified",,7997.44,"CapPass","Cycle 1000",1000,46190,"4-1-1","Alloy 617",314626,"Plate"
166.74,0.00065,"Qualified",,7997.46,"CapPass","Cycle 1000",1000,46191,"4-1-1","Alloy 617",314626,"Plate"
169.09,0.00067,"Qualified",,7997.49,"CapPass","Cycle 1000",1000,46192,"4-1-1","Alloy 617",314626,"Plate"
171.44,0.00070,"Qualified",,7997.51,"CapPass","Cycle 1000",1000,46193,"4-1-1","Alloy 617",314626,"Plate"
173.70,0.00072,"Qualified",,7997.54,"CapPass","Cycle 1000",1000,46194,"4-1-1","Alloy 617",314626,"Plate"
176.18,0.00075,"Qualified",,7997.56,"CapPass","Cycle 1000",1000,46195,"4-1-1","Alloy 617",314626,"Plate"
178.86,0.00077,"Qualified",,7997.59,"CapPass","Cycle 1000",1000,46196,"4-1-1","Alloy 617",314626,"Plate"
181.53,0.00080,"Qualified",,7997.62,"CapPass","Cycle 1000",1000,46197,"4-1-1","Alloy 617",314626,"Plate"
184.12,0.00082,"Qualified",,7997.65,"CapPass","Cycle 1000",1000,46198,"4-1-1","Alloy 617",314626,"Plate"
186.64,0.00085,"Qualified",,7997.68,"CapPass","Cycle 1000",1000,46199,"4-1-1","Alloy 617",314626,"Plate"
189.39,0.00087,"Qualified",,7997.70,"CapPass","Cycle 1000",1000,46200,"4-1-1","Alloy 617",314626,"Plate"
191.74,0.00090,"Qualified",,7997.73,"CapPass","Cycle 1000",1000,46201,"4-1-1","Alloy 617",314626,"Plate"
194.31,0.00093,"Qualified",,7997.75,"CapPass","Cycle 1000",1000,46202,"4-1-1","Alloy 617",314626,"Plate"
194.58,0.00095,"Qualified",,7997.78,"CapPass","Cycle 1000",1000,46203,"4-1-1","Alloy 617",314626,"Plate"
194.70,0.00098,"Qualified",,7997.78,"CapPass","Cycle 1000",1000,46204,"4-1-1","Alloy 617",314626,"Plate"
194.97,0.00101,"Qualified",,7997.79,"CapPass","Cycle 1000",1000,46205,"4-1-1","Alloy 617",314626,"Plate"
195.31,0.00104,"Qualified",,7997.79,"CapPass","Cycle 1000",1000,46206,"4-1-1","Alloy 617",314626,"Plate"
197.24,0.00107,"Qualified",,7997.82,"CapPass","Cycle 1000",1000,46207,"4-1-1","Alloy 617",314626,"Plate"
197.96,0.00108,"Qualified",,7997.86,"CapPass","Cycle 1000",1000,46208,"4-1-1","Alloy 617",314626,"Plate"
198.06,0.00109,"Qualified",,7997.88,"CapPass","Cycle 1000",1000,46209,"4-1-1","Alloy 617",314626,"Plate"
199.61,0.00112,"Qualified",,7997.94,"CapPass","Cycle 1000",1000,46210,"4-1-1","Alloy 617",314626,"Plate"
202.21,0.00114,"Qualified",,7997.98,"CapPass","Cycle 1000",1000,46211,"4-1-1","Alloy 617",314626,"Plate"
204.65,0.00117,"Qualified",,7998.01,"CapPass","Cycle 1000",1000,46212,"4-1-1","Alloy 617",314626,"Plate"
204.28,0.00119,"Qualified",,7998.03,"CapPass","Cycle 1000",1000,46213,"4-1-1","Alloy 617",314626,"Plate"
204.54,0.00122,"Qualified",,7998.03,"CapPass","Cycle 1000",1000,46214,"4-1-1","Alloy 617",314626,"Plate"
204.79,0.00125,"Qualified",,7998.03,"CapPass","Cycle 1000",1000,46215,"4-1-1","Alloy 617",314626,"Plate"
204.95,0.00129,"Qualified",,7998.04,"CapPass","Cycle 1000",1000,46216,"4-1-1","Alloy 617",314626,"Plate"
205.09,0.00134,"Qualified",,7998.04,"CapPass","Cycle 1000",1000,46217,"4-1-1","Alloy 617",314626,"Plate"
205.34,0.00137,"Qualified",,7998.04,"CapPass","Cycle 1000",1000,46218,"4-1-1","Alloy 617",314626,"Plate"
205.55,0.00140,"Qualified",,7998.04,"CapPass","Cycle 1000",1000,46219,"4-1-1","Alloy 617",314626,"Plate"
195.94,0.00138,"Qualified",,7998.18,"CapPass","Cycle 1000",1000,46220,"4-1-1","Alloy 617",314626,"Plate"
198.35,0.00140,"Qualified",,7998.27,"CapPass","Cycle 1000",1000,46221,"4-1-1","Alloy 617",314626,"Plate"
201.54,0.00143,"Qualified",,7998.29,"CapPass","Cycle 1000",1000,46222,"4-1-1","Alloy 617",314626,"Plate"
204.69,0.00145,"Qualified",,7998.31,"CapPass","Cycle 1000",1000,46223,"4-1-1","Alloy 617",314626,"Plate"
207.59,0.00148,"Qualified",,7998.33,"CapPass","Cycle 1000",1000,46224,"4-1-1","Alloy 617",314626,"Plate"
210.58,0.00151,"Qualified",,7998.35,"CapPass","Cycle 1000",1000,46225,"4-1-1","Alloy 617",314626,"Plate"
213.49,0.00153,"Qualified",,7998.37,"CapPass","Cycle 1000",1000,46226,"4-1-1","Alloy 617",314626,"Plate"
216.15,0.00156,"Qualified",,7998.39,"CapPass","Cycle 1000",1000,46227,"4-1-1","Alloy 617",314626,"Plate"
217.92,0.00158,"Qualified",,7998.42,"CapPass","Cycle 1000",1000,46228,"4-1-1","Alloy 617",314626,"Plate"
215.72,0.00161,"Qualified",,7998.42,"CapPass","Cycle 1000",1000,46229,"4-1-1","Alloy 617",314626,"Plate"
216.10,0.00164,"Qualified",,7998.43,"CapPass","Cycle 1000",1000,46230,"4-1-1","Alloy 617",314626,"Plate"
216.58,0.00167,"Qualified",,7998.43,"CapPass","Cycle 1000",1000,46231,"4-1-1","Alloy 617",314626,"Plate"
214.98,0.00169,"Qualified",,7998.46,"CapPass","Cycle 1000",1000,46232,"4-1-1","Alloy 617",314626,"Plate"
215.25,0.00172,"Qualified",,7998.46,"CapPass","Cycle 1000",1000,46233,"4-1-1","Alloy 617",314626,"Plate"
215.76,0.00175,"Qualified",,7998.47,"CapPass","Cycle 1000",1000,46234,"4-1-1","Alloy 617",314626,"Plate"
214.41,0.00177,"Qualified",,7998.58,"CapPass","Cycle 1000",1000,46235,"4-1-1","Alloy 617",314626,"Plate"
215.66,0.00180,"Qualified",,7998.64,"CapPass","Cycle 1000",1000,46236,"4-1-1","Alloy 617",314626,"Plate"
218.18,0.00183,"Qualified",,7998.67,"CapPass","Cycle 1000",1000,46237,"4-1-1","Alloy 617",314626,"Plate"
220.99,0.00185,"Qualified",,7998.70,"CapPass","Cycle 1000",1000,46238,"4-1-1","Alloy 617",314626,"Plate"
219.88,0.00188,"Qualified",,7998.71,"CapPass","Cycle 1000",1000,46239,"4-1-1","Alloy 617",314626,"Plate"
220.28,0.00192,"Qualified",,7998.72,"CapPass","Cycle 1000",1000,46240,"4-1-1","Alloy 617",314626,"Plate"
220.51,0.00196,"Qualified",,7998.72,"CapPass","Cycle 1000",1000,46241,"4-1-1","Alloy 617",314626,"Plate"
220.69,0.00200,"Qualified",,7998.72,"CapPass","Cycle 1000",1000,46242,"4-1-1","Alloy 617",314626,"Plate"
220.90,0.00205,"Qualified",,7998.72,"CapPass","Cycle 1000",1000,46243,"4-1-1","Alloy 617",314626,"Plate"
221.17,0.00208,"Qualified",,7998.73,"CapPass","Cycle 1000",1000,46244,"4-1-1","Alloy 617",314626,"Plate"
221.48,0.00211,"Qualified",,7998.73,"CapPass","Cycle 1000",1000,46245,"4-1-1","Alloy 617",314626,"Plate"
214.47,0.00208,"Qualified",,7998.80,"CapPass","Cycle 1000",1000,46246,"4-1-1","Alloy 617",314626,"Plate"
209.59,0.00205,"Qualified",,7998.81,"CapPass","Cycle 1000",1000,46247,"4-1-1","Alloy 617",314626,"Plate"
205.12,0.00203,"Qualified",,7998.82,"CapPass","Cycle 1000",1000,46248,"4-1-1","Alloy 617",314626,"Plate"
200.84,0.00200,"Qualified",,7998.84,"CapPass","Cycle 1000",1000,46249,"4-1-1","Alloy 617",314626,"Plate"
196.85,0.00197,"Qualified",,7998.85,"CapPass","Cycle 1000",1000,46250,"4-1-1","Alloy 617",314626,"Plate"
192.98,0.00195,"Qualified",,7998.86,"CapPass","Cycle 1000",1000,46251,"4-1-1","Alloy 617",314626,"Plate"
192.63,0.00195,"Qualified",,7998.86,"CapPass","Cycle 1000",1000,46252,"4-1-1","Alloy 617",314626,"Plate"
189.22,0.00192,"Qualified",,7998.87,"CapPass","Cycle 1000",1000,46253,"4-1-1","Alloy 617",314626,"Plate"
185.18,0.00190,"Qualified",,7998.88,"CapPass","Cycle 1000",1000,46254,"4-1-1","Alloy 617",314626,"Plate"
181.50,0.00187,"Qualified",,7998.89,"CapPass","Cycle 1000",1000,46255,"4-1-1","Alloy 617",314626,"Plate"
177.81,0.00184,"Qualified",,7998.90,"CapPass","Cycle 1000",1000,46256,"4-1-1","Alloy 617",314626,"Plate"
173.83,0.00182,"Qualified",,7998.92,"CapPass","Cycle 1000",1000,46257,"4-1-1","Alloy 617",314626,"Plate"
170.09,0.00179,"Qualified",,7998.93,"CapPass","Cycle 1000",1000,46258,"4-1-1","Alloy 617",314626,"Plate"
166.62,0.00177,"Qualified",,7998.95,"CapPass","Cycle 1000",1000,46259,"4-1-1","Alloy 617",314626,"Plate"
163.29,0.00174,"Qualified",,7998.97,"CapPass","Cycle 1000",1000,46260,"4-1-1","Alloy 617",314626,"Plate"
160.05,0.00172,"Qualified",,7998.99,"CapPass","Cycle 1000",1000,46261,"4-1-1","Alloy 617",314626,"Plate"
156.91,0.00169,"Qualified",,7999.02,"CapPass","Cycle 1000",1000,46262,"4-1-1","Alloy 617",314626,"Plate"
153.07,0.00167,"Qualified",,7999.05,"CapPass","Cycle 1000",1000,46263,"4-1-1","Alloy 617",314626,"Plate"
148.40,0.00164,"Qualified",,7999.10,"CapPass","Cycle 1000",1000,46264,"4-1-1","Alloy 617",314626,"Plate"
144.07,0.00162,"Qualified",,7999.14,"CapPass","Cycle 1000",1000,46265,"4-1-1","Alloy 617",314626,"Plate"
139.75,0.00159,"Qualified",,7999.17,"CapPass","Cycle 1000",1000,46266,"4-1-1","Alloy 617",314626,"Plate"
135.90,0.00156,"Qualified",,7999.20,"CapPass","Cycle 1000",1000,46267,"4-1-1","Alloy 617",314626,"Plate"
132.21,0.00154,"Qualified",,7999.22,"CapPass","Cycle 1000",1000,46268,"4-1-1","Alloy 617",314626,"Plate"
128.37,0.00151,"Qualified",,7999.25,"CapPass","Cycle 1000",1000,46269,"4-1-1","Alloy 617",314626,"Plate"
124.18,0.00149,"Qualified",,7999.28,"CapPass","Cycle 1000",1000,46270,"4-1-1","Alloy 617",314626,"Plate"
120.27,0.00146,"Qualified",,7999.30,"CapPass","Cycle 1000",1000,46271,"4-1-1","Alloy 617",314626,"Plate"
116.51,0.00144,"Qualified",,7999.33,"CapPass","Cycle 1000",1000,46272,"4-1-1","Alloy 617",314626,"Plate"
112.59,0.00141,"Qualified",,7999.35,"CapPass","Cycle 1000",1000,46273,"4-1-1","Alloy 617",314626,"Plate"
108.85,0.00139,"Qualified",,7999.38,"CapPass","Cycle 1000",1000,46274,"4-1-1","Alloy 617",314626,"Plate"
105.14,0.00136,"Qualified",,7999.41,"CapPass","Cycle 1000",1000,46275,"4-1-1","Alloy 617",314626,"Plate"
101.28,0.00133,"Qualified",,7999.43,"CapPass","Cycle 1000",1000,46276,"4-1-1","Alloy 617",314626,"Plate"
97.72,0.00131,"Qualified",,7999.46,"CapPass","Cycle 1000",1000,46277,"4-1-1","Alloy 617",314626,"Plate"
94.09,0.00128,"Qualified",,7999.48,"CapPass","Cycle 1000",1000,46278,"4-1-1","Alloy 617",314626,"Plate"
90.04,0.00126,"Qualified",,7999.51,"CapPass","Cycle 1000",1000,46279,"4-1-1","Alloy 617",314626,"Plate"
86.38,0.00123,"Qualified",,7999.54,"CapPass","Cycle 1000",1000,46280,"4-1-1","Alloy 617",314626,"Plate"
82.51,0.00121,"Qualified",,7999.57,"CapPass","Cycle 1000",1000,46281,"4-1-1","Alloy 617",314626,"Plate"
78.10,0.00118,"Qualified",,7999.60,"CapPass","Cycle 1000",1000,46282,"4-1-1","Alloy 617",314626,"Plate"
73.93,0.00116,"Qualified",,7999.63,"CapPass","Cycle 1000",1000,46283,"4-1-1","Alloy 617",314626,"Plate"
69.33,0.00113,"Qualified",,7999.67,"CapPass","Cycle 1000",1000,46284,"4-1-1","Alloy 617",314626,"Plate"
64.87,0.00110,"Qualified",,7999.70,"CapPass","Cycle 1000",1000,46285,"4-1-1","Alloy 617",314626,"Plate"
60.73,0.00108,"Qualified",,7999.72,"CapPass","Cycle 1000",1000,46286,"4-1-1","Alloy 617",314626,"Plate"
56.96,0.00105,"Qualified",,7999.75,"CapPass","Cycle 1000",1000,46287,"4-1-1","Alloy 617",314626,"Plate"
52.94,0.00103,"Qualified",,7999.77,"CapPass","Cycle 1000",1000,46288,"4-1-1","Alloy 617",314626,"Plate"
48.83,0.00100,"Qualified",,7999.80,"CapPass","Cycle 1000",1000,46289,"4-1-1","Alloy 617",314626,"Plate"
44.90,0.00098,"Qualified",,7999.82,"CapPass","Cycle 1000",1000,46290,"4-1-1","Alloy 617",314626,"Plate"
41.02,0.00095,"Qualified",,7999.85,"CapPass","Cycle 1000",1000,46291,"4-1-1","Alloy 617",314626,"Plate"
39.72,0.00094,"Qualified",,7999.86,"CapPass","Cycle 1000",1000,46292,"4-1-1","Alloy 617",314626,"Plate"
37.02,0.00093,"Qualified",,7999.88,"CapPass","Cycle 1000",1000,46293,"4-1-1","Alloy 617",314626,"Plate"
33.29,0.00090,"Qualified",,7999.90,"CapPass","Cycle 1000",1000,46294,"4-1-1","Alloy 617",314626,"Plate"
29.64,0.00087,"Qualified",,7999.93,"CapPass","Cycle 1000",1000,46295,"4-1-1","Alloy 617",314626,"Plate"
26.01,0.00085,"Qualified",,7999.95,"CapPass","Cycle 1000",1000,46296,"4-1-1","Alloy 617",314626,"Plate"
21.42,0.00082,"Qualified",,7999.99,"CapPass","Cycle 1000",1000,46297,"4-1-1","Alloy 617",314626,"Plate"
17.36,0.00080,"Qualified",,8000.02,"CapPass","Cycle 1000",1000,46298,"4-1-1","Alloy 617",314626,"Plate"
13.51,0.00077,"Qualified",,8000.04,"CapPass","Cycle 1000",1000,46299,"4-1-1","Alloy 617",314626,"Plate"
9.63,0.00075,"Qualified",,8000.07,"CapPass","Cycle 1000",1000,46300,"4-1-1","Alloy 617",314626,"Plate"
5.68,0.00072,"Qualified",,8000.10,"CapPass","Cycle 1000",1000,46301,"4-1-1","Alloy 617",314626,"Plate"
1.95,0.00070,"Qualified",,8000.12,"CapPass","Cycle 1000",1000,46302,"4-1-1","Alloy 617",314626,"Plate"
-1.89,0.00067,"Qualified",,8000.15,"CapPass","Cycle 1000",1000,46303,"4-1-1","Alloy 617",314626,"Plate"
-5.49,0.00065,"Qualified",,8000.18,"CapPass","Cycle 1000",1000,46304,"4-1-1","Alloy 617",314626,"Plate"
-9.12,0.00062,"Qualified",,8000.20,"CapPass","Cycle 1000",1000,46305,"4-1-1","Alloy 617",314626,"Plate"
-13.41,0.00059,"Qualified",,8000.24,"CapPass","Cycle 1000",1000,46306,"4-1-1","Alloy 617",314626,"Plate"
-17.45,0.00057,"Qualified",,8000.27,"CapPass","Cycle 1000",1000,46307,"4-1-1","Alloy 617",314626,"Plate"
-21.14,0.00054,"Qualified",,8000.31,"CapPass","Cycle 1000",1000,46308,"4-1-1","Alloy 617",314626,"Plate"
-25.31,0.00052,"Qualified",,8000.42,"CapPass","Cycle 1000",1000,46309,"4-1-1","Alloy 617",314626,"Plate"
-29.71,0.00049,"Qualified",,8000.48,"CapPass","Cycle 1000",1000,46310,"4-1-1","Alloy 617",314626,"Plate"
-33.20,0.00047,"Qualified",,8000.51,"CapPass","Cycle 1000",1000,46311,"4-1-1","Alloy 617",314626,"Plate"
-37.36,0.00044,"Qualified",,8000.54,"CapPass","Cycle 1000",1000,46312,"4-1-1","Alloy 617",314626,"Plate"
-41.04,0.00042,"Qualified",,8000.56,"CapPass","Cycle 1000",1000,46313,"4-1-1","Alloy 617",314626,"Plate"
-44.43,0.00039,"Qualified",,8000.58,"CapPass","Cycle 1000",1000,46314,"4-1-1","Alloy 617",314626,"Plate"
-48.17,0.00037,"Qualified",,8000.60,"CapPass","Cycle 1000",1000,46315,"4-1-1","Alloy 617",314626,"Plate"
-51.95,0.00034,"Qualified",,8000.62,"CapPass","Cycle 1000",1000,46316,"4-1-1","Alloy 617",314626,"Plate"
-55.55,0.00032,"Qualified",,8000.64,"CapPass","Cycle 1000",1000,46317,"4-1-1","Alloy 617",314626,"Plate"
-59.88,0.00029,"Qualified",,8000.66,"CapPass","Cycle 1000",1000,46318,"4-1-1","Alloy 617",314626,"Plate"
-63.55,0.00026,"Qualified",,8000.67,"CapPass","Cycle 1000",1000,46319,"4-1-1","Alloy 617",314626,"Plate"
-66.70,0.00024,"Qualified",,8000.68,"CapPass","Cycle 1000",1000,46320,"4-1-1","Alloy 617",314626,"Plate"
-70.10,0.00021,"Qualified",,8000.70,"CapPass","Cycle 1000",1000,46321,"4-1-1","Alloy 617",314626,"Plate"
-73.77,0.00019,"Qualified",,8000.72,"CapPass","Cycle 1000",1000,46322,"4-1-1","Alloy 617",314626,"Plate"
-77.46,0.00016,"Qualified",,8000.74,"CapPass","Cycle 1000",1000,46323,"4-1-1","Alloy 617",314626,"Plate"
-80.99,0.00013,"Qualified",,8000.75,"CapPass","Cycle 1000",1000,46324,"4-1-1","Alloy 617",314626,"Plate"
-84.71,0.00011,"Qualified",,8000.77,"CapPass","Cycle 1000",1000,46325,"4-1-1","Alloy 617",314626,"Plate"
-88.41,0.00008,"Qualified",,8000.79,"CapPass","Cycle 1000",1000,46326,"4-1-1","Alloy 617",314626,"Plate"
-91.79,0.00006,"Qualified",,8000.80,"CapPass","Cycle 1000",1000,46327,"4-1-1","Alloy 617",314626,"Plate"
-95.23,0.00003,"Qualified",,8000.82,"CapPass","Cycle 1000",1000,46328,"4-1-1","Alloy 617",314626,"Plate"
-99.00,0.00001,"Qualified",,8000.84,"CapPass","Cycle 1000",1000,46329,"4-1-1","Alloy 617",314626,"Plate"
-102.31,-0.00002,"Qualified",,8000.86,"CapPass","Cycle 1000",1000,46330,"4-1-1","Alloy 617",314626,"Plate"
-102.65,-0.00002,"Qualified",,8000.86,"CapPass","Cycle 1000",1000,46331,"4-1-1","Alloy 617",314626,"Plate"
-105.76,-0.00005,"Qualified",,8000.88,"CapPass","Cycle 1000",1000,46332,"4-1-1","Alloy 617",314626,"Plate"
-109.17,-0.00007,"Qualified",,8000.90,"CapPass","Cycle 1000",1000,46333,"4-1-1","Alloy 617",314626,"Plate"
-112.57,-0.00010,"Qualified",,8000.92,"CapPass","Cycle 1000",1000,46334,"4-1-1","Alloy 617",314626,"Plate"
-115.98,-0.00012,"Qualified",,8000.94,"CapPass","Cycle 1000",1000,46335,"4-1-1","Alloy 617",314626,"Plate"
-119.18,-0.00015,"Qualified",,8000.96,"CapPass","Cycle 1000",1000,46336,"4-1-1","Alloy 617",314626,"Plate"
-122.01,-0.00017,"Qualified",,8000.99,"CapPass","Cycle 1000",1000,46337,"4-1-1","Alloy 617",314626,"Plate"
-125.35,-0.00020,"Qualified",,8001.01,"CapPass","Cycle 1000",1000,46338,"4-1-1","Alloy 617",314626,"Plate"
-128.57,-0.00023,"Qualified",,8001.04,"CapPass","Cycle 1000",1000,46339,"4-1-1","Alloy 617",314626,"Plate"
-131.21,-0.00025,"Qualified",,8001.06,"CapPass","Cycle 1000",1000,46340,"4-1-1","Alloy 617",314626,"Plate"
-133.92,-0.00028,"Qualified",,8001.09,"CapPass","Cycle 1000",1000,46341,"4-1-1","Alloy 617",314626,"Plate"
-136.54,-0.00030,"Qualified",,8001.11,"CapPass","Cycle 1000",1000,46342,"4-1-1","Alloy 617",314626,"Plate"
-139.15,-0.00033,"Qualified",,8001.14,"CapPass","Cycle 1000",1000,46343,"4-1-1","Alloy 617",314626,"Plate"
-141.81,-0.00035,"Qualified",,8001.16,"CapPass","Cycle 1000",1000,46344,"4-1-1","Alloy 617",314626,"Plate"
-144.35,-0.00038,"Qualified",,8001.19,"CapPass","Cycle 1000",1000,46345,"4-1-1","Alloy 617",314626,"Plate"
-146.63,-0.00040,"Qualified",,8001.21,"CapPass","Cycle 1000",1000,46346,"4-1-1","Alloy 617",314626,"Plate"
-149.60,-0.00043,"Qualified",,8001.24,"CapPass","Cycle 1000",1000,46347,"4-1-1","Alloy 617",314626,"Plate"
-152.17,-0.00046,"Qualified",,8001.27,"CapPass","Cycle 1000",1000,46348,"4-1-1","Alloy 617",314626,"Plate"
-154.43,-0.00048,"Qualified",,8001.29,"CapPass","Cycle 1000",1000,46349,"4-1-1","Alloy 617",314626,"Plate"
-156.57,-0.00051,"Qualified",,8001.31,"CapPass","Cycle 1000",1000,46350,"4-1-1","Alloy 617",314626,"Plate"
-158.84,-0.00053,"Qualified",,8001.34,"CapPass","Cycle 1000",1000,46351,"4-1-1","Alloy 617",314626,"Plate"
-161.24,-0.00056,"Qualified",,8001.37,"CapPass","Cycle 1000",1000,46352,"4-1-1","Alloy 617",314626,"Plate"
-163.25,-0.00058,"Qualified",,8001.39,"CapPass","Cycle 1000",1000,46353,"4-1-1","Alloy 617",314626,"Plate"
-165.32,-0.00061,"Qualified",,8001.41,"CapPass","Cycle 1000",1000,46354,"4-1-1","Alloy 617",314626,"Plate"
-167.45,-0.00063,"Qualified",,8001.44,"CapPass","Cycle 1000",1000,46355,"4-1-1","Alloy 617",314626,"Plate"
-170.16,-0.00066,"Qualified",,8001.47,"CapPass","Cycle 1000",1000,46356,"4-1-1","Alloy 617",314626,"Plate"
-172.69,-0.00069,"Qualified",,8001.50,"CapPass","Cycle 1000",1000,46357,"4-1-1","Alloy 617",314626,"Plate"
-174.98,-0.00071,"Qualified",,8001.53,"CapPass","Cycle 1000",1000,46358,"4-1-1","Alloy 617",314626,"Plate"
-177.35,-0.00074,"Qualified",,8001.56,"CapPass","Cycle 1000",1000,46359,"4-1-1","Alloy 617",314626,"Plate"
-180.35,-0.00076,"Qualified",,8001.59,"CapPass","Cycle 1000",1000,46360,"4-1-1","Alloy 617",314626,"Plate"
-183.46,-0.00079,"Qualified",,8001.62,"CapPass","Cycle 1000",1000,46361,"4-1-1","Alloy 617",314626,"Plate"
-186.45,-0.00081,"Qualified",,8001.65,"CapPass","Cycle 1000",1000,46362,"4-1-1","Alloy 617",314626,"Plate"
-189.19,-0.00084,"Qualified",,8001.67,"CapPass","Cycle 1000",1000,46363,"4-1-1","Alloy 617",314626,"Plate"
-191.85,-0.00086,"Qualified",,8001.70,"CapPass","Cycle 1000",1000,46364,"4-1-1","Alloy 617",314626,"Plate"
-194.40,-0.00089,"Qualified",,8001.73,"CapPass","Cycle 1000",1000,46365,"4-1-1","Alloy 617",314626,"Plate"
-196.20,-0.00092,"Qualified",,8001.75,"CapPass","Cycle 1000",1000,46366,"4-1-1","Alloy 617",314626,"Plate"
-195.47,-0.00095,"Qualified",,8001.76,"CapPass","Cycle 1000",1000,46367,"4-1-1","Alloy 617",314626,"Plate"
-195.75,-0.00097,"Qualified",,8001.76,"CapPass","Cycle 1000",1000,46368,"4-1-1","Alloy 617",314626,"Plate"
-196.06,-0.00100,"Qualified",,8001.76,"CapPass","Cycle 1000",1000,46369,"4-1-1","Alloy 617",314626,"Plate"
-196.41,-0.00104,"Qualified",,8001.77,"CapPass","Cycle 1000",1000,46370,"4-1-1","Alloy 617",314626,"Plate"
-196.72,-0.00106,"Qualified",,8001.77,"CapPass","Cycle 1000",1000,46371,"4-1-1","Alloy 617",314626,"Plate"
-198.11,-0.00109,"Qualified",,8001.79,"CapPass","Cycle 1000",1000,46372,"4-1-1","Alloy 617",314626,"Plate"
-197.29,-0.00112,"Qualified",,8001.83,"CapPass","Cycle 1000",1000,46373,"4-1-1","Alloy 617",314626,"Plate"
-195.75,-0.00111,"Qualified",,8001.86,"CapPass","Cycle 1000",1000,46374,"4-1-1","Alloy 617",314626,"Plate"
-197.04,-0.00114,"Qualified",,8002.01,"CapPass","Cycle 1000",1000,46375,"4-1-1","Alloy 617",314626,"Plate"
-200.22,-0.00117,"Qualified",,8002.03,"CapPass","Cycle 1000",1000,46376,"4-1-1","Alloy 617",314626,"Plate"
-203.14,-0.00119,"Qualified",,8002.05,"CapPass","Cycle 1000",1000,46377,"4-1-1","Alloy 617",314626,"Plate"
-206.39,-0.00122,"Qualified",,8002.08,"CapPass","Cycle 1000",1000,46378,"4-1-1","Alloy 617",314626,"Plate"
-209.35,-0.00124,"Qualified",,8002.10,"CapPass","Cycle 1000",1000,46379,"4-1-1","Alloy 617",314626,"Plate"
-206.97,-0.00127,"Qualified",,8002.11,"CapPass","Cycle 1000",1000,46380,"4-1-1","Alloy 617",314626,"Plate"
-207.50,-0.00130,"Qualified",,8002.12,"CapPass","Cycle 1000",1000,46381,"4-1-1","Alloy 617",314626,"Plate"
-208.11,-0.00133,"Qualified",,8002.12,"CapPass","Cycle 1000",1000,46382,"4-1-1","Alloy 617",314626,"Plate"
-210.87,-0.00135,"Qualified",,8002.14,"CapPass","Cycle 1000",1000,46383,"4-1-1","Alloy 617",314626,"Plate"
-208.55,-0.00138,"Qualified",,8002.15,"CapPass","Cycle 1000",1000,46384,"4-1-1","Alloy 617",314626,"Plate"
-208.79,-0.00141,"Qualified",,8002.16,"CapPass","Cycle 1000",1000,46385,"4-1-1","Alloy 617",314626,"Plate"
-208.93,-0.00144,"Qualified",,8002.16,"CapPass","Cycle 1000",1000,46386,"4-1-1","Alloy 617",314626,"Plate"
-209.30,-0.00146,"Qualified",,8002.16,"CapPass","Cycle 1000",1000,46387,"4-1-1","Alloy 617",314626,"Plate"
-207.06,-0.00149,"Qualified",,8002.32,"CapPass","Cycle 1000",1000,46388,"4-1-1","Alloy 617",314626,"Plate"
-209.54,-0.00151,"Qualified",,8002.37,"CapPass","Cycle 1000",1000,46389,"4-1-1","Alloy 617",314626,"Plate"
-212.46,-0.00154,"Qualified",,8002.40,"CapPass","Cycle 1000",1000,46390,"4-1-1","Alloy 617",314626,"Plate"
-215.36,-0.00156,"Qualified",,8002.42,"CapPass","Cycle 1000",1000,46391,"4-1-1","Alloy 617",314626,"Plate"
-218.55,-0.00159,"Qualified",,8002.45,"CapPass","Cycle 1000",1000,46392,"4-1-1","Alloy 617",314626,"Plate"
-216.32,-0.00162,"Qualified",,8002.49,"CapPass","Cycle 1000",1000,46393,"4-1-1","Alloy 617",314626,"Plate"
-216.53,-0.00166,"Qualified",,8002.49,"CapPass","Cycle 1000",1000,46394,"4-1-1","Alloy 617",314626,"Plate"
-216.77,-0.00170,"Qualified",,8002.49,"CapPass","Cycle 1000",1000,46395,"4-1-1","Alloy 617",314626,"Plate"
-216.92,-0.00174,"Qualified",,8002.49,"CapPass","Cycle 1000",1000,46396,"4-1-1","Alloy 617",314626,"Plate"
-217.03,-0.00179,"Qualified",,8002.49,"CapPass","Cycle 1000",1000,46397,"4-1-1","Alloy 617",314626,"Plate"
-217.20,-0.00184,"Qualified",,8002.49,"CapPass","Cycle 1000",1000,46398,"4-1-1","Alloy 617",314626,"Plate"
-217.29,-0.00189,"Qualified",,8002.49,"CapPass","Cycle 1000",1000,46399,"4-1-1","Alloy 617",314626,"Plate"
-217.42,-0.00195,"Qualified",,8002.50,"CapPass","Cycle 1000",1000,46400,"4-1-1","Alloy 617",314626,"Plate"
-217.58,-0.00200,"Qualified",,8002.50,"CapPass","Cycle 1000",1000,46401,"4-1-1","Alloy 617",314626,"Plate"
-217.73,-0.00204,"Qualified",,8002.50,"CapPass","Cycle 1000",1000,46402,"4-1-1","Alloy 617",314626,"Plate"
-217.95,-0.00208,"Qualified",,8002.50,"CapPass","Cycle 1000",1000,46403,"4-1-1","Alloy 617",314626,"Plate"
-218.10,-0.00211,"Qualified",,8002.50,"CapPass","Cycle 1000",1000,46404,"4-1-1","Alloy 617",314626,"Plate"
-218.26,-0.00215,"Qualified",,8002.50,"CapPass","Cycle 1000",1000,46405,"4-1-1","Alloy 617",314626,"Plate"
-218.98,-0.00211,"Qualified",,8002.51,"CapPass","Cycle 1000",1000,46406,"4-1-1","Alloy 617",314626,"Plate"
-208.74,-0.00209,"Qualified",,8002.55,"CapPass","Cycle 1000",1000,46407,"4-1-1","Alloy 617",314626,"Plate"
-205.18,-0.00206,"Qualified",,8002.56,"CapPass","Cycle 1000",1000,46408,"4-1-1","Alloy 617",314626,"Plate"
-199.91,-0.00203,"Qualified",,8002.57,"CapPass","Cycle 1000",1000,46409,"4-1-1","Alloy 617",314626,"Plate"
-195.99,-0.00201,"Qualified",,8002.58,"CapPass","Cycle 1000",1000,46410,"4-1-1","Alloy 617",314626,"Plate"
-192.18,-0.00198,"Qualified",,8002.59,"CapPass","Cycle 1000",1000,46411,"4-1-1","Alloy 617",314626,"Plate"
-187.57,-0.00196,"Qualified",,8002.60,"CapPass","Cycle 1000",1000,46412,"4-1-1","Alloy 617",314626,"Plate"
-184.53,-0.00193,"Qualified",,8002.60,"CapPass","Cycle 1000",1000,46413,"4-1-1","Alloy 617",314626,"Plate"
-179.95,-0.00190,"Qualified",,8002.62,"CapPass","Cycle 1000",1000,46414,"4-1-1","Alloy 617",314626,"Plate"
-176.69,-0.00188,"Qualified",,8002.62,"CapPass","Cycle 1000",1000,46415,"4-1-1","Alloy 617",314626,"Plate"
-172.41,-0.00185,"Qualified",,8002.64,"CapPass","Cycle 1000",1000,46416,"4-1-1","Alloy 617",314626,"Plate"
-169.48,-0.00182,"Qualified",,8002.65,"CapPass","Cycle 1000",1000,46417,"4-1-1","Alloy 617",314626,"Plate"
-166.13,-0.00180,"Qualified",,8002.67,"CapPass","Cycle 1000",1000,46418,"4-1-1","Alloy 617",314626,"Plate"
-171.72,-0.00183,"Qualified",,8002.75,"CapPass","Cycle 1000",1000,46419,"4-1-1","Alloy 617",314626,"Plate"
-175.43,-0.00185,"Qualified",,8002.77,"CapPass","Cycle 1000",1000,46420,"4-1-1","Alloy 617",314626,"Plate"
-178.85,-0.00188,"Qualified",,8002.79,"CapPass","Cycle 1000",1000,46421,"4-1-1","Alloy 617",314626,"Plate"
-181.79,-0.00190,"Qualified",,8002.83,"CapPass","Cycle 1000",1000,46422,"4-1-1","Alloy 617",314626,"Plate"
-181.77,-0.00191,"Qualified",,8002.86,"CapPass","Cycle 1000",1000,46423,"4-1-1","Alloy 617",314626,"Plate"
-174.10,-0.00188,"Qualified",,8002.92,"CapPass","Cycle 1000",1000,46424,"4-1-1","Alloy 617",314626,"Plate"
-169.43,-0.00185,"Qualified",,8002.95,"CapPass","Cycle 1000",1000,46425,"4-1-1","Alloy 617",314626,"Plate"
-165.19,-0.00182,"Qualified",,8002.96,"CapPass","Cycle 1000",1000,46426,"4-1-1","Alloy 617",314626,"Plate"
-161.08,-0.00180,"Qualified",,8002.98,"CapPass","Cycle 1000",1000,46427,"4-1-1","Alloy 617",314626,"Plate"
-157.14,-0.00177,"Qualified",,8003.00,"CapPass","Cycle 1000",1000,46428,"4-1-1","Alloy 617",314626,"Plate"
-153.20,-0.00175,"Qualified",,8003.02,"CapPass","Cycle 1000",1000,46429,"4-1-1","Alloy 617",314626,"Plate"
-149.46,-0.00172,"Qualified",,8003.04,"CapPass","Cycle 1000",1000,46430,"4-1-1","Alloy 617",314626,"Plate"
-145.47,-0.00169,"Qualified",,8003.06,"CapPass","Cycle 1000",1000,46431,"4-1-1","Alloy 617",314626,"Plate"
-141.57,-0.00167,"Qualified",,8003.08,"CapPass","Cycle 1000",1000,46432,"4-1-1","Alloy 617",314626,"Plate"
-137.40,-0.00164,"Qualified",,8003.11,"CapPass","Cycle 1000",1000,46433,"4-1-1","Alloy 617",314626,"Plate"
-133.55,-0.00162,"Qualified",,8003.13,"CapPass","Cycle 1000",1000,46434,"4-1-1","Alloy 617",314626,"Plate"
-129.67,-0.00159,"Qualified",,8003.16,"CapPass","Cycle 1000",1000,46435,"4-1-1","Alloy 617",314626,"Plate"
-125.54,-0.00157,"Qualified",,8003.19,"CapPass","Cycle 1000",1000,46436,"4-1-1","Alloy 617",314626,"Plate"
-121.43,-0.00154,"Qualified",,8003.22,"CapPass","Cycle 1000",1000,46437,"4-1-1","Alloy 617",314626,"Plate"
-117.38,-0.00152,"Qualified",,8003.25,"CapPass","Cycle 1000",1000,46438,"4-1-1","Alloy 617",314626,"Plate"
-113.30,-0.00149,"Qualified",,8003.28,"CapPass","Cycle 1000",1000,46439,"4-1-1","Alloy 617",314626,"Plate"
-109.47,-0.00146,"Qualified",,8003.30,"CapPass","Cycle 1000",1000,46440,"4-1-1","Alloy 617",314626,"Plate"
-105.32,-0.00144,"Qualified",,8003.33,"CapPass","Cycle 1000",1000,46441,"4-1-1","Alloy 617",314626,"Plate"
-101.16,-0.00141,"Qualified",,8003.36,"CapPass","Cycle 1000",1000,46442,"4-1-1","Alloy 617",314626,"Plate"
-97.48,-0.00139,"Qualified",,8003.39,"CapPass","Cycle 1000",1000,46443,"4-1-1","Alloy 617",314626,"Plate"
-93.64,-0.00136,"Qualified",,8003.41,"CapPass","Cycle 1000",1000,46444,"4-1-1","Alloy 617",314626,"Plate"
-89.98,-0.00134,"Qualified",,8003.44,"CapPass","Cycle 1000",1000,46445,"4-1-1","Alloy 617",314626,"Plate"
-86.34,-0.00131,"Qualified",,8003.46,"CapPass","Cycle 1000",1000,46446,"4-1-1","Alloy 617",314626,"Plate"
-82.78,-0.00129,"Qualified",,8003.49,"CapPass","Cycle 1000",1000,46447,"4-1-1","Alloy 617",314626,"Plate"
-79.32,-0.00126,"Qualified",,8003.51,"CapPass","Cycle 1000",1000,46448,"4-1-1","Alloy 617",314626,"Plate"
-75.53,-0.00124,"Qualified",,8003.54,"CapPass","Cycle 1000",1000,46449,"4-1-1","Alloy 617",314626,"Plate"
-71.96,-0.00121,"Qualified",,8003.57,"CapPass","Cycle 1000",1000,46450,"4-1-1","Alloy 617",314626,"Plate"
-68.30,-0.00118,"Qualified",,8003.59,"CapPass","Cycle 1000",1000,46451,"4-1-1","Alloy 617",314626,"Plate"
-64.91,-0.00116,"Qualified",,8003.62,"CapPass","Cycle 1000",1000,46452,"4-1-1","Alloy 617",314626,"Plate"
-61.21,-0.00113,"Qualified",,8003.65,"CapPass","Cycle 1000",1000,46453,"4-1-1","Alloy 617",314626,"Plate"
-57.73,-0.00111,"Qualified",,8003.68,"CapPass","Cycle 1000",1000,46454,"4-1-1","Alloy 617",314626,"Plate"
-54.06,-0.00108,"Qualified",,8003.70,"CapPass","Cycle 1000",1000,46455,"4-1-1","Alloy 617",314626,"Plate"
-50.30,-0.00106,"Qualified",,8003.73,"CapPass","Cycle 1000",1000,46456,"4-1-1","Alloy 617",314626,"Plate"
-46.92,-0.00103,"Qualified",,8003.76,"CapPass","Cycle 1000",1000,46457,"4-1-1","Alloy 617",314626,"Plate"
-43.19,-0.00101,"Qualified",,8003.79,"CapPass","Cycle 1000",1000,46458,"4-1-1","Alloy 617",314626,"Plate"
-39.56,-0.00098,"Qualified",,8003.81,"CapPass","Cycle 1000",1000,46459,"4-1-1","Alloy 617",314626,"Plate"
-35.85,-0.00095,"Qualified",,8003.84,"CapPass","Cycle 1000",1000,46460,"4-1-1","Alloy 617",314626,"Plate"
-33.67,-0.00094,"Qualified",,8003.86,"CapPass","Cycle 1000",1000,46461,"4-1-1","Alloy 617",314626,"Plate"
-32.10,-0.00093,"Qualified",,8003.87,"CapPass","Cycle 1000",1000,46462,"4-1-1","Alloy 617",314626,"Plate"
-28.56,-0.00090,"Qualified",,8003.90,"CapPass","Cycle 1000",1000,46463,"4-1-1","Alloy 617",314626,"Plate"
-25.15,-0.00088,"Qualified",,8003.92,"CapPass","Cycle 1000",1000,46464,"4-1-1","Alloy 617",314626,"Plate"
-21.78,-0.00085,"Qualified",,8003.95,"CapPass","Cycle 1000",1000,46465,"4-1-1","Alloy 617",314626,"Plate"
-18.28,-0.00083,"Qualified",,8003.97,"CapPass","Cycle 1000",1000,46466,"4-1-1","Alloy 617",314626,"Plate"
-15.44,-0.00080,"Qualified",,8004.00,"CapPass","Cycle 1000",1000,46467,"4-1-1","Alloy 617",314626,"Plate"
-11.92,-0.00078,"Qualified",,8004.02,"CapPass","Cycle 1000",1000,46468,"4-1-1","Alloy 617",314626,"Plate"
-8.49,-0.00075,"Qualified",,8004.05,"CapPass","Cycle 1000",1000,46469,"4-1-1","Alloy 617",314626,"Plate"
-5.35,-0.00072,"Qualified",,8004.08,"CapPass","Cycle 1000",1000,46470,"4-1-1","Alloy 617",314626,"Plate"
-1.84,-0.00070,"Qualified",,8004.10,"CapPass","Cycle 1000",1000,46471,"4-1-1","Alloy 617",314626,"Plate"
1.33,-0.00067,"Qualified",,8004.13,"CapPass","Cycle 1000",1000,46472,"4-1-1","Alloy 617",314626,"Plate"
4.54,-0.00065,"Qualified",,8004.16,"CapPass","Cycle 1000",1000,46473,"4-1-1","Alloy 617",314626,"Plate"
7.99,-0.00062,"Qualified",,8004.19,"CapPass","Cycle 1000",1000,46474,"4-1-1","Alloy 617",314626,"Plate"
11.50,-0.00060,"Qualified",,8004.22,"CapPass","Cycle 1000",1000,46475,"4-1-1","Alloy 617",314626,"Plate"
14.66,-0.00057,"Qualified",,8004.24,"CapPass","Cycle 1000",1000,46476,"4-1-1","Alloy 617",314626,"Plate"
17.99,-0.00055,"Qualified",,8004.27,"CapPass","Cycle 1000",1000,46477,"4-1-1","Alloy 617",314626,"Plate"
21.63,-0.00052,"Qualified",,8004.30,"CapPass","Cycle 1000",1000,46478,"4-1-1","Alloy 617",314626,"Plate"
24.78,-0.00050,"Qualified",,8004.33,"CapPass","Cycle 1000",1000,46479,"4-1-1","Alloy 617",314626,"Plate"
27.50,-0.00047,"Qualified",,8004.36,"CapPass","Cycle 1000",1000,46480,"4-1-1","Alloy 617",314626,"Plate"
31.16,-0.00045,"Qualified",,8004.42,"CapPass","Cycle 1000",1000,46481,"4-1-1","Alloy 617",314626,"Plate"
34.77,-0.00042,"Qualified",,8004.46,"CapPass","Cycle 1000",1000,46482,"4-1-1","Alloy 617",314626,"Plate"
38.71,-0.00040,"Qualified",,8004.49,"CapPass","Cycle 1000",1000,46483,"4-1-1","Alloy 617",314626,"Plate"
42.19,-0.00037,"Qualified",,8004.51,"CapPass","Cycle 1000",1000,46484,"4-1-1","Alloy 617",314626,"Plate"
45.93,-0.00034,"Qualified",,8004.53,"CapPass","Cycle 1000",1000,46485,"4-1-1","Alloy 617",314626,"Plate"
49.14,-0.00032,"Qualified",,8004.55,"CapPass","Cycle 1000",1000,46486,"4-1-1","Alloy 617",314626,"Plate"
52.33,-0.00029,"Qualified",,8004.57,"CapPass","Cycle 1000",1000,46487,"4-1-1","Alloy 617",314626,"Plate"
55.43,-0.00027,"Qualified",,8004.59,"CapPass","Cycle 1000",1000,46488,"4-1-1","Alloy 617",314626,"Plate"
58.82,-0.00024,"Qualified",,8004.62,"CapPass","Cycle 1000",1000,46489,"4-1-1","Alloy 617",314626,"Plate"
61.78,-0.00022,"Qualified",,8004.66,"CapPass","Cycle 1000",1000,46490,"4-1-1","Alloy 617",314626,"Plate"
65.20,-0.00019,"Qualified",,8004.69,"CapPass","Cycle 1000",1000,46491,"4-1-1","Alloy 617",314626,"Plate"
208.05,0.00187,"Qualified",,13997.48,"CapPass","51% Nf: Cycle 1749-1750",1749,55804,"4-1-1","Alloy 617",314626,"Plate"
204.03,0.00185,"Qualified",,13997.50,"CapPass","51% Nf: Cycle 1749-1750",1749,55805,"4-1-1","Alloy 617",314626,"Plate"
200.40,0.00182,"Qualified",,13997.52,"CapPass","51% Nf: Cycle 1749-1750",1749,55806,"4-1-1","Alloy 617",314626,"Plate"
196.51,0.00180,"Qualified",,13997.54,"CapPass","51% Nf: Cycle 1749-1750",1749,55807,"4-1-1","Alloy 617",314626,"Plate"
192.39,0.00177,"Qualified",,13997.56,"CapPass","51% Nf: Cycle 1749-1750",1749,55808,"4-1-1","Alloy 617",314626,"Plate"
188.30,0.00174,"Qualified",,13997.59,"CapPass","51% Nf: Cycle 1749-1750",1749,55809,"4-1-1","Alloy 617",314626,"Plate"
184.60,0.00172,"Qualified",,13997.61,"CapPass","51% Nf: Cycle 1749-1750",1749,55810,"4-1-1","Alloy 617",314626,"Plate"
180.44,0.00169,"Qualified",,13997.64,"CapPass","51% Nf: Cycle 1749-1750",1749,55811,"4-1-1","Alloy 617",314626,"Plate"
175.57,0.00167,"Qualified",,13997.67,"CapPass","51% Nf: Cycle 1749-1750",1749,55812,"4-1-1","Alloy 617",314626,"Plate"
170.47,0.00164,"Qualified",,13997.70,"CapPass","51% Nf: Cycle 1749-1750",1749,55813,"4-1-1","Alloy 617",314626,"Plate"
166.31,0.00162,"Qualified",,13997.73,"CapPass","51% Nf: Cycle 1749-1750",1749,55814,"4-1-1","Alloy 617",314626,"Plate"
161.95,0.00159,"Qualified",,13997.76,"CapPass","51% Nf: Cycle 1749-1750",1749,55815,"4-1-1","Alloy 617",314626,"Plate"
157.35,0.00157,"Qualified",,13997.79,"CapPass","51% Nf: Cycle 1749-1750",1749,55816,"4-1-1","Alloy 617",314626,"Plate"
153.33,0.00154,"Qualified",,13997.81,"CapPass","51% Nf: Cycle 1749-1750",1749,55817,"4-1-1","Alloy 617",314626,"Plate"
148.94,0.00151,"Qualified",,13997.84,"CapPass","51% Nf: Cycle 1749-1750",1749,55818,"4-1-1","Alloy 617",314626,"Plate"
146.38,0.00150,"Qualified",,13997.86,"CapPass","51% Nf: Cycle 1749-1750",1749,55819,"4-1-1","Alloy 617",314626,"Plate"
144.68,0.00149,"Qualified",,13997.87,"CapPass","51% Nf: Cycle 1749-1750",1749,55820,"4-1-1","Alloy 617",314626,"Plate"
141.17,0.00146,"Qualified",,13997.89,"CapPass","51% Nf: Cycle 1749-1750",1749,55821,"4-1-1","Alloy 617",314626,"Plate"
137.83,0.00144,"Qualified",,13997.91,"CapPass","51% Nf: Cycle 1749-1750",1749,55822,"4-1-1","Alloy 617",314626,"Plate"
134.43,0.00141,"Qualified",,13997.94,"CapPass","51% Nf: Cycle 1749-1750",1749,55823,"4-1-1","Alloy 617",314626,"Plate"
130.92,0.00139,"Qualified",,13997.96,"CapPass","51% Nf: Cycle 1749-1750",1749,55824,"4-1-1","Alloy 617",314626,"Plate"
127.65,0.00136,"Qualified",,13997.98,"CapPass","51% Nf: Cycle 1749-1750",1749,55825,"4-1-1","Alloy 617",314626,"Plate"
124.38,0.00134,"Qualified",,13998.01,"CapPass","51% Nf: Cycle 1749-1750",1749,55826,"4-1-1","Alloy 617",314626,"Plate"
120.84,0.00131,"Qualified",,13998.04,"CapPass","51% Nf: Cycle 1749-1750",1749,55827,"4-1-1","Alloy 617",314626,"Plate"
117.61,0.00128,"Qualified",,13998.06,"CapPass","51% Nf: Cycle 1749-1750",1749,55828,"4-1-1","Alloy 617",314626,"Plate"
114.50,0.00126,"Qualified",,13998.09,"CapPass","51% Nf: Cycle 1749-1750",1749,55829,"4-1-1","Alloy 617",314626,"Plate"
111.27,0.00123,"Qualified",,13998.12,"CapPass","51% Nf: Cycle 1749-1750",1749,55830,"4-1-1","Alloy 617",314626,"Plate"
108.03,0.00121,"Qualified",,13998.14,"CapPass","51% Nf: Cycle 1749-1750",1749,55831,"4-1-1","Alloy 617",314626,"Plate"
104.04,0.00118,"Qualified",,13998.18,"CapPass","51% Nf: Cycle 1749-1750",1749,55832,"4-1-1","Alloy 617",314626,"Plate"
100.31,0.00116,"Qualified",,13998.21,"CapPass","51% Nf: Cycle 1749-1750",1749,55833,"4-1-1","Alloy 617",314626,"Plate"
96.96,0.00113,"Qualified",,13998.23,"CapPass","51% Nf: Cycle 1749-1750",1749,55834,"4-1-1","Alloy 617",314626,"Plate"
93.32,0.00111,"Qualified",,13998.26,"CapPass","51% Nf: Cycle 1749-1750",1749,55835,"4-1-1","Alloy 617",314626,"Plate"
89.96,0.00108,"Qualified",,13998.29,"CapPass","51% Nf: Cycle 1749-1750",1749,55836,"4-1-1","Alloy 617",314626,"Plate"
86.60,0.00106,"Qualified",,13998.31,"CapPass","51% Nf: Cycle 1749-1750",1749,55837,"4-1-1","Alloy 617",314626,"Plate"
82.51,0.00103,"Qualified",,13998.34,"CapPass","51% Nf: Cycle 1749-1750",1749,55838,"4-1-1","Alloy 617",314626,"Plate"
78.62,0.00100,"Qualified",,13998.37,"CapPass","51% Nf: Cycle 1749-1750",1749,55839,"4-1-1","Alloy 617",314626,"Plate"
74.62,0.00098,"Qualified",,13998.40,"CapPass","51% Nf: Cycle 1749-1750",1749,55840,"4-1-1","Alloy 617",314626,"Plate"
70.42,0.00095,"Qualified",,13998.43,"CapPass","51% Nf: Cycle 1749-1750",1749,55841,"4-1-1","Alloy 617",314626,"Plate"
66.12,0.00093,"Qualified",,13998.46,"CapPass","51% Nf: Cycle 1749-1750",1749,55842,"4-1-1","Alloy 617",314626,"Plate"
61.48,0.00090,"Qualified",,13998.49,"CapPass","51% Nf: Cycle 1749-1750",1749,55843,"4-1-1","Alloy 617",314626,"Plate"
57.51,0.00088,"Qualified",,13998.52,"CapPass","51% Nf: Cycle 1749-1750",1749,55844,"4-1-1","Alloy 617",314626,"Plate"
53.56,0.00085,"Qualified",,13998.55,"CapPass","51% Nf: Cycle 1749-1750",1749,55845,"4-1-1","Alloy 617",314626,"Plate"
49.40,0.00083,"Qualified",,13998.57,"CapPass","51% Nf: Cycle 1749-1750",1749,55846,"4-1-1","Alloy 617",314626,"Plate"
45.04,0.00080,"Qualified",,13998.60,"CapPass","51% Nf: Cycle 1749-1750",1749,55847,"4-1-1","Alloy 617",314626,"Plate"
41.31,0.00078,"Qualified",,13998.63,"CapPass","51% Nf: Cycle 1749-1750",1749,55848,"4-1-1","Alloy 617",314626,"Plate"
37.39,0.00075,"Qualified",,13998.65,"CapPass","51% Nf: Cycle 1749-1750",1749,55849,"4-1-1","Alloy 617",314626,"Plate"
33.66,0.00072,"Qualified",,13998.68,"CapPass","51% Nf: Cycle 1749-1750",1749,55850,"4-1-1","Alloy 617",314626,"Plate"
29.76,0.00070,"Qualified",,13998.70,"CapPass","51% Nf: Cycle 1749-1750",1749,55851,"4-1-1","Alloy 617",314626,"Plate"
26.25,0.00067,"Qualified",,13998.73,"CapPass","51% Nf: Cycle 1749-1750",1749,55852,"4-1-1","Alloy 617",314626,"Plate"
22.81,0.00065,"Qualified",,13998.75,"CapPass","51% Nf: Cycle 1749-1750",1749,55853,"4-1-1","Alloy 617",314626,"Plate"
18.95,0.00062,"Qualified",,13998.78,"CapPass","51% Nf: Cycle 1749-1750",1749,55854,"4-1-1","Alloy 617",314626,"Plate"
14.80,0.00060,"Qualified",,13998.81,"CapPass","51% Nf: Cycle 1749-1750",1749,55855,"4-1-1","Alloy 617",314626,"Plate"
11.16,0.00057,"Qualified",,13998.84,"CapPass","51% Nf: Cycle 1749-1750",1749,55856,"4-1-1","Alloy 617",314626,"Plate"
8.32,0.00055,"Qualified",,13998.86,"CapPass","51% Nf: Cycle 1749-1750",1749,55857,"4-1-1","Alloy 617",314626,"Plate"
7.50,0.00055,"Qualified",,13998.86,"CapPass","51% Nf: Cycle 1749-1750",1749,55858,"4-1-1","Alloy 617",314626,"Plate"
3.74,0.00052,"Qualified",,13998.89,"CapPass","51% Nf: Cycle 1749-1750",1749,55859,"4-1-1","Alloy 617",314626,"Plate"
0.44,0.00050,"Qualified",,13998.92,"CapPass","51% Nf: Cycle 1749-1750",1749,55860,"4-1-1","Alloy 617",314626,"Plate"
-2.99,0.00047,"Qualified",,13998.94,"CapPass","51% Nf: Cycle 1749-1750",1749,55861,"4-1-1","Alloy 617",314626,"Plate"
-6.60,0.00045,"Qualified",,13998.97,"CapPass","51% Nf: Cycle 1749-1750",1749,55862,"4-1-1","Alloy 617",314626,"Plate"
-10.34,0.00042,"Qualified",,13999.00,"CapPass","51% Nf: Cycle 1749-1750",1749,55863,"4-1-1","Alloy 617",314626,"Plate"
-14.29,0.00039,"Qualified",,13999.03,"CapPass","51% Nf: Cycle 1749-1750",1749,55864,"4-1-1","Alloy 617",314626,"Plate"
-17.82,0.00037,"Qualified",,13999.06,"CapPass","51% Nf: Cycle 1749-1750",1749,55865,"4-1-1","Alloy 617",314626,"Plate"
-20.49,0.00034,"Qualified",,13999.10,"CapPass","51% Nf: Cycle 1749-1750",1749,55866,"4-1-1","Alloy 617",314626,"Plate"
-23.02,0.00032,"Qualified",,13999.16,"CapPass","51% Nf: Cycle 1749-1750",1749,55867,"4-1-1","Alloy 617",314626,"Plate"
-26.67,0.00029,"Qualified",,13999.25,"CapPass","51% Nf: Cycle 1749-1750",1749,55868,"4-1-1","Alloy 617",314626,"Plate"
-30.18,0.00027,"Qualified",,13999.28,"CapPass","51% Nf: Cycle 1749-1750",1749,55869,"4-1-1","Alloy 617",314626,"Plate"
-33.76,0.00024,"Qualified",,13999.31,"CapPass","51% Nf: Cycle 1749-1750",1749,55870,"4-1-1","Alloy 617",314626,"Plate"
-37.25,0.00022,"Qualified",,13999.34,"CapPass","51% Nf: Cycle 1749-1750",1749,55871,"4-1-1","Alloy 617",314626,"Plate"
-40.61,0.00019,"Qualified",,13999.36,"CapPass","51% Nf: Cycle 1749-1750",1749,55872,"4-1-1","Alloy 617",314626,"Plate"
-44.19,0.00017,"Qualified",,13999.39,"CapPass","51% Nf: Cycle 1749-1750",1749,55873,"4-1-1","Alloy 617",314626,"Plate"
-47.64,0.00014,"Qualified",,13999.41,"CapPass","51% Nf: Cycle 1749-1750",1749,55874,"4-1-1","Alloy 617",314626,"Plate"
-51.63,0.00011,"Qualified",,13999.43,"CapPass","51% Nf: Cycle 1749-1750",1749,55875,"4-1-1","Alloy 617",314626,"Plate"
-55.71,0.00009,"Qualified",,13999.44,"CapPass","51% Nf: Cycle 1749-1750",1749,55876,"4-1-1","Alloy 617",314626,"Plate"
-59.28,0.00006,"Qualified",,13999.46,"CapPass","51% Nf: Cycle 1749-1750",1749,55877,"4-1-1","Alloy 617",314626,"Plate"
-62.79,0.00004,"Qualified",,13999.47,"CapPass","51% Nf: Cycle 1749-1750",1749,55878,"4-1-1","Alloy 617",314626,"Plate"
-66.27,0.00001,"Qualified",,13999.49,"CapPass","51% Nf: Cycle 1749-1750",1749,55879,"4-1-1","Alloy 617",314626,"Plate"
-69.50,-0.00001,"Qualified",,13999.51,"CapPass","51% Nf: Cycle 1749-1750",1749,55880,"4-1-1","Alloy 617",314626,"Plate"
-73.09,-0.00004,"Qualified",,13999.53,"CapPass","51% Nf: Cycle 1749-1750",1749,55881,"4-1-1","Alloy 617",314626,"Plate"
-76.61,-0.00007,"Qualified",,13999.55,"CapPass","51% Nf: Cycle 1749-1750",1749,55882,"4-1-1","Alloy 617",314626,"Plate"
-80.06,-0.00009,"Qualified",,13999.56,"CapPass","51% Nf: Cycle 1749-1750",1749,55883,"4-1-1","Alloy 617",314626,"Plate"
-83.72,-0.00012,"Qualified",,13999.58,"CapPass","51% Nf: Cycle 1749-1750",1749,55884,"4-1-1","Alloy 617",314626,"Plate"
-87.06,-0.00014,"Qualified",,13999.60,"CapPass","51% Nf: Cycle 1749-1750",1749,55885,"4-1-1","Alloy 617",314626,"Plate"
-90.58,-0.00017,"Qualified",,13999.62,"CapPass","51% Nf: Cycle 1749-1750",1749,55886,"4-1-1","Alloy 617",314626,"Plate"
-93.85,-0.00020,"Qualified",,13999.63,"CapPass","51% Nf: Cycle 1749-1750",1749,55887,"4-1-1","Alloy 617",314626,"Plate"
-97.06,-0.00022,"Qualified",,13999.65,"CapPass","51% Nf: Cycle 1749-1750",1749,55888,"4-1-1","Alloy 617",314626,"Plate"
-100.22,-0.00025,"Qualified",,13999.67,"CapPass","51% Nf: Cycle 1749-1750",1749,55889,"4-1-1","Alloy 617",314626,"Plate"
-103.25,-0.00027,"Qualified",,13999.69,"CapPass","51% Nf: Cycle 1749-1750",1749,55890,"4-1-1","Alloy 617",314626,"Plate"
-106.49,-0.00030,"Qualified",,13999.71,"CapPass","51% Nf: Cycle 1749-1750",1749,55891,"4-1-1","Alloy 617",314626,"Plate"
-109.39,-0.00032,"Qualified",,13999.73,"CapPass","51% Nf: Cycle 1749-1750",1749,55892,"4-1-1","Alloy 617",314626,"Plate"
-112.34,-0.00035,"Qualified",,13999.75,"CapPass","51% Nf: Cycle 1749-1750",1749,55893,"4-1-1","Alloy 617",314626,"Plate"
-115.65,-0.00038,"Qualified",,13999.77,"CapPass","51% Nf: Cycle 1749-1750",1749,55894,"4-1-1","Alloy 617",314626,"Plate"
-118.60,-0.00040,"Qualified",,13999.80,"CapPass","51% Nf: Cycle 1749-1750",1749,55895,"4-1-1","Alloy 617",314626,"Plate"
-121.71,-0.00043,"Qualified",,13999.82,"CapPass","51% Nf: Cycle 1749-1750",1749,55896,"4-1-1","Alloy 617",314626,"Plate"
-124.68,-0.00045,"Qualified",,13999.85,"CapPass","51% Nf: Cycle 1749-1750",1749,55897,"4-1-1","Alloy 617",314626,"Plate"
-125.43,-0.00046,"Qualified",,13999.86,"CapPass","51% Nf: Cycle 1749-1750",1749,55898,"4-1-1","Alloy 617",314626,"Plate"
-127.85,-0.00048,"Qualified",,13999.88,"CapPass","51% Nf: Cycle 1749-1750",1749,55899,"4-1-1","Alloy 617",314626,"Plate"
-130.94,-0.00050,"Qualified",,13999.91,"CapPass","51% Nf: Cycle 1749-1750",1749,55900,"4-1-1","Alloy 617",314626,"Plate"
-133.76,-0.00053,"Qualified",,13999.93,"CapPass","51% Nf: Cycle 1749-1750",1749,55901,"4-1-1","Alloy 617",314626,"Plate"
-136.58,-0.00055,"Qualified",,13999.96,"CapPass","51% Nf: Cycle 1749-1750",1749,55902,"4-1-1","Alloy 617",314626,"Plate"
-139.26,-0.00058,"Qualified",,13999.98,"CapPass","51% Nf: Cycle 1749-1750",1749,55903,"4-1-1","Alloy 617",314626,"Plate"
-142.05,-0.00060,"Qualified",,14000.01,"CapPass","51% Nf: Cycle 1749-1750",1749,55904,"4-1-1","Alloy 617",314626,"Plate"
-144.64,-0.00063,"Qualified",,14000.03,"CapPass","51% Nf: Cycle 1749-1750",1749,55905,"4-1-1","Alloy 617",314626,"Plate"
-147.40,-0.00066,"Qualified",,14000.06,"CapPass","51% Nf: Cycle 1749-1750",1749,55906,"4-1-1","Alloy 617",314626,"Plate"
-150.11,-0.00068,"Qualified",,14000.08,"CapPass","51% Nf: Cycle 1749-1750",1749,55907,"4-1-1","Alloy 617",314626,"Plate"
-152.91,-0.00071,"Qualified",,14000.11,"CapPass","51% Nf: Cycle 1749-1750",1749,55908,"4-1-1","Alloy 617",314626,"Plate"
-156.02,-0.00073,"Qualified",,14000.14,"CapPass","51% Nf: Cycle 1749-1750",1749,55909,"4-1-1","Alloy 617",314626,"Plate"
-159.01,-0.00076,"Qualified",,14000.17,"CapPass","51% Nf: Cycle 1749-1750",1749,55910,"4-1-1","Alloy 617",314626,"Plate"
-162.24,-0.00078,"Qualified",,14000.20,"CapPass","51% Nf: Cycle 1749-1750",1749,55911,"4-1-1","Alloy 617",314626,"Plate"
-165.36,-0.00081,"Qualified",,14000.23,"CapPass","51% Nf: Cycle 1749-1750",1749,55912,"4-1-1","Alloy 617",314626,"Plate"
-168.22,-0.00084,"Qualified",,14000.25,"CapPass","51% Nf: Cycle 1749-1750",1749,55913,"4-1-1","Alloy 617",314626,"Plate"
-171.07,-0.00086,"Qualified",,14000.28,"CapPass","51% Nf: Cycle 1749-1750",1749,55914,"4-1-1","Alloy 617",314626,"Plate"
-174.10,-0.00089,"Qualified",,14000.31,"CapPass","51% Nf: Cycle 1749-1750",1749,55915,"4-1-1","Alloy 617",314626,"Plate"
-177.00,-0.00091,"Qualified",,14000.33,"CapPass","51% Nf: Cycle 1749-1750",1749,55916,"4-1-1","Alloy 617",314626,"Plate"
-179.77,-0.00094,"Qualified",,14000.35,"CapPass","51% Nf: Cycle 1749-1750",1749,55917,"4-1-1","Alloy 617",314626,"Plate"
-182.24,-0.00096,"Qualified",,14000.38,"CapPass","51% Nf: Cycle 1749-1750",1749,55918,"4-1-1","Alloy 617",314626,"Plate"
-184.87,-0.00099,"Qualified",,14000.40,"CapPass","51% Nf: Cycle 1749-1750",1749,55919,"4-1-1","Alloy 617",314626,"Plate"
-187.49,-0.00102,"Qualified",,14000.43,"CapPass","51% Nf: Cycle 1749-1750",1749,55920,"4-1-1","Alloy 617",314626,"Plate"
-189.93,-0.00104,"Qualified",,14000.45,"CapPass","51% Nf: Cycle 1749-1750",1749,55921,"4-1-1","Alloy 617",314626,"Plate"
-192.28,-0.00107,"Qualified",,14000.48,"CapPass","51% Nf: Cycle 1749-1750",1749,55922,"4-1-1","Alloy 617",314626,"Plate"
-194.41,-0.00109,"Qualified",,14000.50,"CapPass","51% Nf: Cycle 1749-1750",1749,55923,"4-1-1","Alloy 617",314626,"Plate"
-196.57,-0.00112,"Qualified",,14000.52,"CapPass","51% Nf: Cycle 1749-1750",1749,55924,"4-1-1","Alloy 617",314626,"Plate"
-198.42,-0.00114,"Qualified",,14000.55,"CapPass","51% Nf: Cycle 1749-1750",1749,55925,"4-1-1","Alloy 617",314626,"Plate"
-199.97,-0.00117,"Qualified",,14000.57,"CapPass","51% Nf: Cycle 1749-1750",1749,55926,"4-1-1","Alloy 617",314626,"Plate"
-200.26,-0.00120,"Qualified",,14000.58,"CapPass","51% Nf: Cycle 1749-1750",1749,55927,"4-1-1","Alloy 617",314626,"Plate"
-200.55,-0.00123,"Qualified",,14000.58,"CapPass","51% Nf: Cycle 1749-1750",1749,55928,"4-1-1","Alloy 617",314626,"Plate"
-200.32,-0.00125,"Qualified",,14000.59,"CapPass","51% Nf: Cycle 1749-1750",1749,55929,"4-1-1","Alloy 617",314626,"Plate"
-201.27,-0.00128,"Qualified",,14000.60,"CapPass","51% Nf: Cycle 1749-1750",1749,55930,"4-1-1","Alloy 617",314626,"Plate"
-201.58,-0.00131,"Qualified",,14000.63,"CapPass","51% Nf: Cycle 1749-1750",1749,55931,"4-1-1","Alloy 617",314626,"Plate"
-200.08,-0.00133,"Qualified",,14000.75,"CapPass","51% Nf: Cycle 1749-1750",1749,55932,"4-1-1","Alloy 617",314626,"Plate"
-202.84,-0.00136,"Qualified",,14000.80,"CapPass","51% Nf: Cycle 1749-1750",1749,55933,"4-1-1","Alloy 617",314626,"Plate"
-205.97,-0.00138,"Qualified",,14000.83,"CapPass","51% Nf: Cycle 1749-1750",1749,55934,"4-1-1","Alloy 617",314626,"Plate"
-208.94,-0.00141,"Qualified",,14000.86,"CapPass","51% Nf: Cycle 1749-1750",1749,55935,"4-1-1","Alloy 617",314626,"Plate"
-209.30,-0.00141,"Qualified",,14000.86,"CapPass","51% Nf: Cycle 1749-1750",1749,55936,"4-1-1","Alloy 617",314626,"Plate"
-209.91,-0.00143,"Qualified",,14000.88,"CapPass","51% Nf: Cycle 1749-1750",1749,55937,"4-1-1","Alloy 617",314626,"Plate"
-208.71,-0.00146,"Qualified",,14000.89,"CapPass","51% Nf: Cycle 1749-1750",1749,55938,"4-1-1","Alloy 617",314626,"Plate"
-209.23,-0.00149,"Qualified",,14000.89,"CapPass","51% Nf: Cycle 1749-1750",1749,55939,"4-1-1","Alloy 617",314626,"Plate"
-209.77,-0.00152,"Qualified",,14000.89,"CapPass","51% Nf: Cycle 1749-1750",1749,55940,"4-1-1","Alloy 617",314626,"Plate"
-211.96,-0.00154,"Qualified",,14000.91,"CapPass","51% Nf: Cycle 1749-1750",1749,55941,"4-1-1","Alloy 617",314626,"Plate"
-213.26,-0.00157,"Qualified",,14000.93,"CapPass","51% Nf: Cycle 1749-1750",1749,55942,"4-1-1","Alloy 617",314626,"Plate"
-214.00,-0.00159,"Qualified",,14000.94,"CapPass","51% Nf: Cycle 1749-1750",1749,55943,"4-1-1","Alloy 617",314626,"Plate"
-215.00,-0.00162,"Qualified",,14000.98,"CapPass","51% Nf: Cycle 1749-1750",1749,55944,"4-1-1","Alloy 617",314626,"Plate"
-215.72,-0.00164,"Qualified",,14001.05,"CapPass","51% Nf: Cycle 1749-1750",1749,55945,"4-1-1","Alloy 617",314626,"Plate"
-217.42,-0.00167,"Qualified",,14001.09,"CapPass","51% Nf: Cycle 1749-1750",1749,55946,"4-1-1","Alloy 617",314626,"Plate"
-219.60,-0.00170,"Qualified",,14001.13,"CapPass","51% Nf: Cycle 1749-1750",1749,55947,"4-1-1","Alloy 617",314626,"Plate"
-218.42,-0.00172,"Qualified",,14001.14,"CapPass","51% Nf: Cycle 1749-1750",1749,55948,"4-1-1","Alloy 617",314626,"Plate"
-218.67,-0.00176,"Qualified",,14001.15,"CapPass","51% Nf: Cycle 1749-1750",1749,55949,"4-1-1","Alloy 617",314626,"Plate"
-218.85,-0.00179,"Qualified",,14001.15,"CapPass","51% Nf: Cycle 1749-1750",1749,55950,"4-1-1","Alloy 617",314626,"Plate"
-218.98,-0.00184,"Qualified",,14001.15,"CapPass","51% Nf: Cycle 1749-1750",1749,55951,"4-1-1","Alloy 617",314626,"Plate"
-219.17,-0.00188,"Qualified",,14001.15,"CapPass","51% Nf: Cycle 1749-1750",1749,55952,"4-1-1","Alloy 617",314626,"Plate"
-219.40,-0.00191,"Qualified",,14001.15,"CapPass","51% Nf: Cycle 1749-1750",1749,55953,"4-1-1","Alloy 617",314626,"Plate"
-219.81,-0.00193,"Qualified",,14001.19,"CapPass","51% Nf: Cycle 1749-1750",1749,55954,"4-1-1","Alloy 617",314626,"Plate"
-211.34,-0.00191,"Qualified",,14001.27,"CapPass","51% Nf: Cycle 1749-1750",1749,55955,"4-1-1","Alloy 617",314626,"Plate"
-198.85,-0.00188,"Qualified",,14001.49,"CapPass","51% Nf: Cycle 1749-1750",1749,55956,"4-1-1","Alloy 617",314626,"Plate"
-194.05,-0.00186,"Qualified",,14001.51,"CapPass","51% Nf: Cycle 1749-1750",1749,55957,"4-1-1","Alloy 617",314626,"Plate"
-189.57,-0.00183,"Qualified",,14001.53,"CapPass","51% Nf: Cycle 1749-1750",1749,55958,"4-1-1","Alloy 617",314626,"Plate"
-185.25,-0.00180,"Qualified",,14001.56,"CapPass","51% Nf: Cycle 1749-1750",1749,55959,"4-1-1","Alloy 617",314626,"Plate"
-180.84,-0.00178,"Qualified",,14001.58,"CapPass","51% Nf: Cycle 1749-1750",1749,55960,"4-1-1","Alloy 617",314626,"Plate"
-176.45,-0.00175,"Qualified",,14001.60,"CapPass","51% Nf: Cycle 1749-1750",1749,55961,"4-1-1","Alloy 617",314626,"Plate"
-172.21,-0.00173,"Qualified",,14001.62,"CapPass","51% Nf: Cycle 1749-1750",1749,55962,"4-1-1","Alloy 617",314626,"Plate"
-168.10,-0.00170,"Qualified",,14001.64,"CapPass","51% Nf: Cycle 1749-1750",1749,55963,"4-1-1","Alloy 617",314626,"Plate"
-163.92,-0.00168,"Qualified",,14001.66,"CapPass","51% Nf: Cycle 1749-1750",1749,55964,"4-1-1","Alloy 617",314626,"Plate"
-159.81,-0.00165,"Qualified",,14001.69,"CapPass","51% Nf: Cycle 1749-1750",1749,55965,"4-1-1","Alloy 617",314626,"Plate"
-155.83,-0.00162,"Qualified",,14001.71,"CapPass","51% Nf: Cycle 1749-1750",1749,55966,"4-1-1","Alloy 617",314626,"Plate"
-151.97,-0.00160,"Qualified",,14001.74,"CapPass","51% Nf: Cycle 1749-1750",1749,55967,"4-1-1","Alloy 617",314626,"Plate"
-147.94,-0.00157,"Qualified",,14001.77,"CapPass","51% Nf: Cycle 1749-1750",1749,55968,"4-1-1","Alloy 617",314626,"Plate"
-143.87,-0.00155,"Qualified",,14001.79,"CapPass","51% Nf: Cycle 1749-1750",1749,55969,"4-1-1","Alloy 617",314626,"Plate"
-139.80,-0.00152,"Qualified",,14001.82,"CapPass","51% Nf: Cycle 1749-1750",1749,55970,"4-1-1","Alloy 617",314626,"Plate"
-135.91,-0.00150,"Qualified",,14001.85,"CapPass","51% Nf: Cycle 1749-1750",1749,55971,"4-1-1","Alloy 617",314626,"Plate"
-134.62,-0.00149,"Qualified",,14001.86,"CapPass","51% Nf: Cycle 1749-1750",1749,55972,"4-1-1","Alloy 617",314626,"Plate"
-131.70,-0.00147,"Qualified",,14001.88,"CapPass","51% Nf: Cycle 1749-1750",1749,55973,"4-1-1","Alloy 617",314626,"Plate"
-127.78,-0.00145,"Qualified",,14001.91,"CapPass","51% Nf: Cycle 1749-1750",1749,55974,"4-1-1","Alloy 617",314626,"Plate"
-123.63,-0.00142,"Qualified",,14001.94,"CapPass","51% Nf: Cycle 1749-1750",1749,55975,"4-1-1","Alloy 617",314626,"Plate"
-119.51,-0.00140,"Qualified",,14001.96,"CapPass","51% Nf: Cycle 1749-1750",1749,55976,"4-1-1","Alloy 617",314626,"Plate"
-115.57,-0.00137,"Qualified",,14001.99,"CapPass","51% Nf: Cycle 1749-1750",1749,55977,"4-1-1","Alloy 617",314626,"Plate"
-111.60,-0.00134,"Qualified",,14002.02,"CapPass","51% Nf: Cycle 1749-1750",1749,55978,"4-1-1","Alloy 617",314626,"Plate"
-107.68,-0.00132,"Qualified",,14002.05,"CapPass","51% Nf: Cycle 1749-1750",1749,55979,"4-1-1","Alloy 617",314626,"Plate"
-103.75,-0.00129,"Qualified",,14002.07,"CapPass","51% Nf: Cycle 1749-1750",1749,55980,"4-1-1","Alloy 617",314626,"Plate"
-99.79,-0.00127,"Qualified",,14002.10,"CapPass","51% Nf: Cycle 1749-1750",1749,55981,"4-1-1","Alloy 617",314626,"Plate"
-95.91,-0.00124,"Qualified",,14002.13,"CapPass","51% Nf: Cycle 1749-1750",1749,55982,"4-1-1","Alloy 617",314626,"Plate"
-91.98,-0.00122,"Qualified",,14002.15,"CapPass","51% Nf: Cycle 1749-1750",1749,55983,"4-1-1","Alloy 617",314626,"Plate"
-87.94,-0.00119,"Qualified",,14002.18,"CapPass","51% Nf: Cycle 1749-1750",1749,55984,"4-1-1","Alloy 617",314626,"Plate"
-84.14,-0.00117,"Qualified",,14002.21,"CapPass","51% Nf: Cycle 1749-1750",1749,55985,"4-1-1","Alloy 617",314626,"Plate"
-80.45,-0.00114,"Qualified",,14002.23,"CapPass","51% Nf: Cycle 1749-1750",1749,55986,"4-1-1","Alloy 617",314626,"Plate"
-76.59,-0.00111,"Qualified",,14002.26,"CapPass","51% Nf: Cycle 1749-1750",1749,55987,"4-1-1","Alloy 617",314626,"Plate"
-72.98,-0.00109,"Qualified",,14002.29,"CapPass","51% Nf: Cycle 1749-1750",1749,55988,"4-1-1","Alloy 617",314626,"Plate"
-69.39,-0.00106,"Qualified",,14002.31,"CapPass","51% Nf: Cycle 1749-1750",1749,55989,"4-1-1","Alloy 617",314626,"Plate"
-65.94,-0.00104,"Qualified",,14002.34,"CapPass","51% Nf: Cycle 1749-1750",1749,55990,"4-1-1","Alloy 617",314626,"Plate"
-62.40,-0.00101,"Qualified",,14002.36,"CapPass","51% Nf: Cycle 1749-1750",1749,55991,"4-1-1","Alloy 617",314626,"Plate"
-58.67,-0.00099,"Qualified",,14002.39,"CapPass","51% Nf: Cycle 1749-1750",1749,55992,"4-1-1","Alloy 617",314626,"Plate"
-54.98,-0.00096,"Qualified",,14002.42,"CapPass","51% Nf: Cycle 1749-1750",1749,55993,"4-1-1","Alloy 617",314626,"Plate"
-51.45,-0.00094,"Qualified",,14002.44,"CapPass","51% Nf: Cycle 1749-1750",1749,55994,"4-1-1","Alloy 617",314626,"Plate"
-47.74,-0.00091,"Qualified",,14002.47,"CapPass","51% Nf: Cycle 1749-1750",1749,55995,"4-1-1","Alloy 617",314626,"Plate"
-43.95,-0.00089,"Qualified",,14002.50,"CapPass","51% Nf: Cycle 1749-1750",1749,55996,"4-1-1","Alloy 617",314626,"Plate"
-40.42,-0.00086,"Qualified",,14002.53,"CapPass","51% Nf: Cycle 1749-1750",1749,55997,"4-1-1","Alloy 617",314626,"Plate"
-36.68,-0.00084,"Qualified",,14002.55,"CapPass","51% Nf: Cycle 1749-1750",1749,55998,"4-1-1","Alloy 617",314626,"Plate"
-33.11,-0.00081,"Qualified",,14002.58,"CapPass","51% Nf: Cycle 1749-1750",1749,55999,"4-1-1","Alloy 617",314626,"Plate"
-29.93,-0.00078,"Qualified",,14002.60,"CapPass","51% Nf: Cycle 1749-1750",1749,56000,"4-1-1","Alloy 617",314626,"Plate"
-26.32,-0.00076,"Qualified",,14002.63,"CapPass","51% Nf: Cycle 1749-1750",1749,56001,"4-1-1","Alloy 617",314626,"Plate"
-22.70,-0.00073,"Qualified",,14002.66,"CapPass","51% Nf: Cycle 1749-1750",1749,56002,"4-1-1","Alloy 617",314626,"Plate"
-18.95,-0.00071,"Qualified",,14002.69,"CapPass","51% Nf: Cycle 1749-1750",1749,56003,"4-1-1","Alloy 617",314626,"Plate"
-15.38,-0.00068,"Qualified",,14002.72,"CapPass","51% Nf: Cycle 1749-1750",1749,56004,"4-1-1","Alloy 617",314626,"Plate"
-11.76,-0.00066,"Qualified",,14002.74,"CapPass","51% Nf: Cycle 1749-1750",1749,56005,"4-1-1","Alloy 617",314626,"Plate"
-8.54,-0.00063,"Qualified",,14002.77,"CapPass","51% Nf: Cycle 1749-1750",1749,56006,"4-1-1","Alloy 617",314626,"Plate"
-5.05,-0.00061,"Qualified",,14002.79,"CapPass","51% Nf: Cycle 1749-1750",1749,56007,"4-1-1","Alloy 617",314626,"Plate"
-1.65,-0.00058,"Qualified",,14002.82,"CapPass","51% Nf: Cycle 1749-1750",1749,56008,"4-1-1","Alloy 617",314626,"Plate"
1.53,-0.00055,"Qualified",,14002.85,"CapPass","51% Nf: Cycle 1749-1750",1749,56009,"4-1-1","Alloy 617",314626,"Plate"
3.19,-0.00054,"Qualified",,14002.86,"CapPass","51% Nf: Cycle 1749-1750",1749,56010,"4-1-1","Alloy 617",314626,"Plate"
4.92,-0.00053,"Qualified",,14002.87,"CapPass","51% Nf: Cycle 1749-1750",1749,56011,"4-1-1","Alloy 617",314626,"Plate"
8.16,-0.00050,"Qualified",,14002.90,"CapPass","51% Nf: Cycle 1749-1750",1749,56012,"4-1-1","Alloy 617",314626,"Plate"
11.17,-0.00048,"Qualified",,14002.92,"CapPass","51% Nf: Cycle 1749-1750",1749,56013,"4-1-1","Alloy 617",314626,"Plate"
14.44,-0.00045,"Qualified",,14002.95,"CapPass","51% Nf: Cycle 1749-1750",1749,56014,"4-1-1","Alloy 617",314626,"Plate"
17.60,-0.00043,"Qualified",,14002.98,"CapPass","51% Nf: Cycle 1749-1750",1749,56015,"4-1-1","Alloy 617",314626,"Plate"
20.85,-0.00040,"Qualified",,14003.01,"CapPass","51% Nf: Cycle 1749-1750",1749,56016,"4-1-1","Alloy 617",314626,"Plate"
23.70,-0.00038,"Qualified",,14003.03,"CapPass","51% Nf: Cycle 1749-1750",1749,56017,"4-1-1","Alloy 617",314626,"Plate"
26.43,-0.00035,"Qualified",,14003.07,"CapPass","51% Nf: Cycle 1749-1750",1749,56018,"4-1-1","Alloy 617",314626,"Plate"
29.26,-0.00033,"Qualified",,14003.12,"CapPass","51% Nf: Cycle 1749-1750",1749,56019,"4-1-1","Alloy 617",314626,"Plate"
32.64,-0.00030,"Qualified",,14003.16,"CapPass","51% Nf: Cycle 1749-1750",1749,56020,"4-1-1","Alloy 617",314626,"Plate"
36.94,-0.00027,"Qualified",,14003.20,"CapPass","51% Nf: Cycle 1749-1750",1749,56021,"4-1-1","Alloy 617",314626,"Plate"
40.69,-0.00025,"Qualified",,14003.22,"CapPass","51% Nf: Cycle 1749-1750",1749,56022,"4-1-1","Alloy 617",314626,"Plate"
44.67,-0.00022,"Qualified",,14003.24,"CapPass","51% Nf: Cycle 1749-1750",1749,56023,"4-1-1","Alloy 617",314626,"Plate"
48.01,-0.00020,"Qualified",,14003.26,"CapPass","51% Nf: Cycle 1749-1750",1749,56024,"4-1-1","Alloy 617",314626,"Plate"
51.58,-0.00017,"Qualified",,14003.28,"CapPass","51% Nf: Cycle 1749-1750",1749,56025,"4-1-1","Alloy 617",314626,"Plate"
54.66,-0.00015,"Qualified",,14003.31,"CapPass","51% Nf: Cycle 1749-1750",1750,56026,"4-1-1","Alloy 617",314626,"Plate"
57.78,-0.00012,"Qualified",,14003.34,"CapPass","51% Nf: Cycle 1749-1750",1750,56027,"4-1-1","Alloy 617",314626,"Plate"
61.34,-0.00010,"Qualified",,14003.37,"CapPass","51% Nf: Cycle 1749-1750",1750,56028,"4-1-1","Alloy 617",314626,"Plate"
64.34,-0.00007,"Qualified",,14003.40,"CapPass","51% Nf: Cycle 1749-1750",1750,56029,"4-1-1","Alloy 617",314626,"Plate"
67.94,-0.00004,"Qualified",,14003.44,"CapPass","51% Nf: Cycle 1749-1750",1750,56030,"4-1-1","Alloy 617",314626,"Plate"
72.26,-0.00002,"Qualified",,14003.49,"CapPass","51% Nf: Cycle 1749-1750",1750,56031,"4-1-1","Alloy 617",314626,"Plate"
75.29,0.00001,"Qualified",,14003.51,"CapPass","51% Nf: Cycle 1749-1750",1750,56032,"4-1-1","Alloy 617",314626,"Plate"
78.37,0.00003,"Qualified",,14003.54,"CapPass","51% Nf: Cycle 1749-1750",1750,56033,"4-1-1","Alloy 617",314626,"Plate"
81.59,0.00006,"Qualified",,14003.57,"CapPass","51% Nf: Cycle 1749-1750",1750,56034,"4-1-1","Alloy 617",314626,"Plate"
84.62,0.00008,"Qualified",,14003.59,"CapPass","51% Nf: Cycle 1749-1750",1750,56035,"4-1-1","Alloy 617",314626,"Plate"
87.67,0.00011,"Qualified",,14003.62,"CapPass","51% Nf: Cycle 1749-1750",1750,56036,"4-1-1","Alloy 617",314626,"Plate"
90.62,0.00013,"Qualified",,14003.65,"CapPass","51% Nf: Cycle 1749-1750",1750,56037,"4-1-1","Alloy 617",314626,"Plate"
93.50,0.00016,"Qualified",,14003.67,"CapPass","51% Nf: Cycle 1749-1750",1750,56038,"4-1-1","Alloy 617",314626,"Plate"
96.45,0.00019,"Qualified",,14003.70,"CapPass","51% Nf: Cycle 1749-1750",1750,56039,"4-1-1","Alloy 617",314626,"Plate"
99.76,0.00021,"Qualified",,14003.73,"CapPass","51% Nf: Cycle 1749-1750",1750,56040,"4-1-1","Alloy 617",314626,"Plate"
103.69,0.00024,"Qualified",,14003.76,"CapPass","51% Nf: Cycle 1749-1750",1750,56041,"4-1-1","Alloy 617",314626,"Plate"
107.16,0.00026,"Qualified",,14003.78,"CapPass","51% Nf: Cycle 1749-1750",1750,56042,"4-1-1","Alloy 617",314626,"Plate"
110.68,0.00029,"Qualified",,14003.79,"CapPass","51% Nf: Cycle 1749-1750",1750,56043,"4-1-1","Alloy 617",314626,"Plate"
114.07,0.00031,"Qualified",,14003.81,"CapPass","51% Nf: Cycle 1749-1750",1750,56044,"4-1-1","Alloy 617",314626,"Plate"
117.30,0.00034,"Qualified",,14003.83,"CapPass","51% Nf: Cycle 1749-1750",1750,56045,"4-1-1","Alloy 617",314626,"Plate"
120.41,0.00037,"Qualified",,14003.84,"CapPass","51% Nf: Cycle 1749-1750",1750,56046,"4-1-1","Alloy 617",314626,"Plate"
123.71,0.00039,"Qualified",,14003.86,"CapPass","51% Nf: Cycle 1749-1750",1750,56047,"4-1-1","Alloy 617",314626,"Plate"
123.91,0.00039,"Qualified",,14003.86,"CapPass","51% Nf: Cycle 1749-1750",1750,56048,"4-1-1","Alloy 617",314626,"Plate"
126.88,0.00042,"Qualified",,14003.87,"CapPass","51% Nf: Cycle 1749-1750",1750,56049,"4-1-1","Alloy 617",314626,"Plate"
130.15,0.00044,"Qualified",,14003.89,"CapPass","51% Nf: Cycle 1749-1750",1750,56050,"4-1-1","Alloy 617",314626,"Plate"
133.38,0.00047,"Qualified",,14003.91,"CapPass","51% Nf: Cycle 1749-1750",1750,56051,"4-1-1","Alloy 617",314626,"Plate"
136.40,0.00050,"Qualified",,14003.93,"CapPass","51% Nf: Cycle 1749-1750",1750,56052,"4-1-1","Alloy 617",314626,"Plate"
139.32,0.00052,"Qualified",,14003.95,"CapPass","51% Nf: Cycle 1749-1750",1750,56053,"4-1-1","Alloy 617",314626,"Plate"
142.32,0.00055,"Qualified",,14003.97,"CapPass","51% Nf: Cycle 1749-1750",1750,56054,"4-1-1","Alloy 617",314626,"Plate"
145.43,0.00057,"Qualified",,14003.99,"CapPass","51% Nf: Cycle 1749-1750",1750,56055,"4-1-1","Alloy 617",314626,"Plate"
148.41,0.00060,"Qualified",,14004.02,"CapPass","51% Nf: Cycle 1749-1750",1750,56056,"4-1-1","Alloy 617",314626,"Plate"
151.23,0.00062,"Qualified",,14004.04,"CapPass","51% Nf: Cycle 1749-1750",1750,56057,"4-1-1","Alloy 617",314626,"Plate"
154.03,0.00065,"Qualified",,14004.07,"CapPass","51% Nf: Cycle 1749-1750",1750,56058,"4-1-1","Alloy 617",314626,"Plate"
156.39,0.00067,"Qualified",,14004.09,"CapPass","51% Nf: Cycle 1749-1750",1750,56059,"4-1-1","Alloy 617",314626,"Plate"
158.93,0.00070,"Qualified",,14004.12,"CapPass","51% Nf: Cycle 1749-1750",1750,56060,"4-1-1","Alloy 617",314626,"Plate"
161.74,0.00072,"Qualified",,14004.14,"CapPass","51% Nf: Cycle 1749-1750",1750,56061,"4-1-1","Alloy 617",314626,"Plate"
164.48,0.00075,"Qualified",,14004.17,"CapPass","51% Nf: Cycle 1749-1750",1750,56062,"4-1-1","Alloy 617",314626,"Plate"
166.71,0.00078,"Qualified",,14004.19,"CapPass","51% Nf: Cycle 1749-1750",1750,56063,"4-1-1","Alloy 617",314626,"Plate"
169.07,0.00080,"Qualified",,14004.22,"CapPass","51% Nf: Cycle 1749-1750",1750,56064,"4-1-1","Alloy 617",314626,"Plate"
171.31,0.00083,"Qualified",,14004.24,"CapPass","51% Nf: Cycle 1749-1750",1750,56065,"4-1-1","Alloy 617",314626,"Plate"
173.81,0.00085,"Qualified",,14004.27,"CapPass","51% Nf: Cycle 1749-1750",1750,56066,"4-1-1","Alloy 617",314626,"Plate"
176.46,0.00088,"Qualified",,14004.30,"CapPass","51% Nf: Cycle 1749-1750",1750,56067,"4-1-1","Alloy 617",314626,"Plate"
178.92,0.00090,"Qualified",,14004.32,"CapPass","51% Nf: Cycle 1749-1750",1750,56068,"4-1-1","Alloy 617",314626,"Plate"
181.46,0.00093,"Qualified",,14004.35,"CapPass","51% Nf: Cycle 1749-1750",1750,56069,"4-1-1","Alloy 617",314626,"Plate"
183.88,0.00095,"Qualified",,14004.38,"CapPass","51% Nf: Cycle 1749-1750",1750,56070,"4-1-1","Alloy 617",314626,"Plate"
186.17,0.00098,"Qualified",,14004.40,"CapPass","51% Nf: Cycle 1749-1750",1750,56071,"4-1-1","Alloy 617",314626,"Plate"
188.26,0.00100,"Qualified",,14004.42,"CapPass","51% Nf: Cycle 1749-1750",1750,56072,"4-1-1","Alloy 617",314626,"Plate"
190.56,0.00103,"Qualified",,14004.45,"CapPass","51% Nf: Cycle 1749-1750",1750,56073,"4-1-1","Alloy 617",314626,"Plate"
192.97,0.00106,"Qualified",,14004.48,"CapPass","51% Nf: Cycle 1749-1750",1750,56074,"4-1-1","Alloy 617",314626,"Plate"
194.52,0.00108,"Qualified",,14004.50,"CapPass","51% Nf: Cycle 1749-1750",1750,56075,"4-1-1","Alloy 617",314626,"Plate"
194.95,0.00111,"Qualified",,14004.50,"CapPass","51% Nf: Cycle 1749-1750",1750,56076,"4-1-1","Alloy 617",314626,"Plate"
195.43,0.00113,"Qualified",,14004.51,"CapPass","51% Nf: Cycle 1749-1750",1750,56077,"4-1-1","Alloy 617",314626,"Plate"
196.08,0.00116,"Qualified",,14004.53,"CapPass","51% Nf: Cycle 1749-1750",1750,56078,"4-1-1","Alloy 617",314626,"Plate"
196.52,0.00119,"Qualified",,14004.54,"CapPass","51% Nf: Cycle 1749-1750",1750,56079,"4-1-1","Alloy 617",314626,"Plate"
197.78,0.00121,"Qualified",,14004.59,"CapPass","51% Nf: Cycle 1749-1750",1750,56080,"4-1-1","Alloy 617",314626,"Plate"
198.95,0.00124,"Qualified",,14004.65,"CapPass","51% Nf: Cycle 1749-1750",1750,56081,"4-1-1","Alloy 617",314626,"Plate"
201.30,0.00126,"Qualified",,14004.70,"CapPass","51% Nf: Cycle 1749-1750",1750,56082,"4-1-1","Alloy 617",314626,"Plate"
204.42,0.00129,"Qualified",,14004.73,"CapPass","51% Nf: Cycle 1749-1750",1750,56083,"4-1-1","Alloy 617",314626,"Plate"
205.69,0.00132,"Qualified",,14004.76,"CapPass","51% Nf: Cycle 1749-1750",1750,56084,"4-1-1","Alloy 617",314626,"Plate"
206.09,0.00134,"Qualified",,14004.76,"CapPass","51% Nf: Cycle 1749-1750",1750,56085,"4-1-1","Alloy 617",314626,"Plate"
206.56,0.00137,"Qualified",,14004.77,"CapPass","51% Nf: Cycle 1749-1750",1750,56086,"4-1-1","Alloy 617",314626,"Plate"
207.00,0.00140,"Qualified",,14004.77,"CapPass","51% Nf: Cycle 1749-1750",1750,56087,"4-1-1","Alloy 617",314626,"Plate"
205.78,0.00143,"Qualified",,14004.79,"CapPass","51% Nf: Cycle 1749-1750",1750,56088,"4-1-1","Alloy 617",314626,"Plate"
206.03,0.00145,"Qualified",,14004.79,"CapPass","51% Nf: Cycle 1749-1750",1750,56089,"4-1-1","Alloy 617",314626,"Plate"
206.18,0.00148,"Qualified",,14004.79,"CapPass","51% Nf: Cycle 1749-1750",1750,56090,"4-1-1","Alloy 617",314626,"Plate"
206.28,0.00151,"Qualified",,14004.80,"CapPass","51% Nf: Cycle 1749-1750",1750,56091,"4-1-1","Alloy 617",314626,"Plate"
206.50,0.00154,"Qualified",,14004.80,"CapPass","51% Nf: Cycle 1749-1750",1750,56092,"4-1-1","Alloy 617",314626,"Plate"
204.01,0.00156,"Qualified",,14004.86,"CapPass","51% Nf: Cycle 1749-1750",1750,56093,"4-1-1","Alloy 617",314626,"Plate"
204.27,0.00157,"Qualified",,14005.04,"CapPass","51% Nf: Cycle 1749-1750",1750,56094,"4-1-1","Alloy 617",314626,"Plate"
207.91,0.00160,"Qualified",,14005.07,"CapPass","51% Nf: Cycle 1749-1750",1750,56095,"4-1-1","Alloy 617",314626,"Plate"
211.31,0.00162,"Qualified",,14005.09,"CapPass","51% Nf: Cycle 1749-1750",1750,56096,"4-1-1","Alloy 617",314626,"Plate"
214.21,0.00165,"Qualified",,14005.10,"CapPass","51% Nf: Cycle 1749-1750",1750,56097,"4-1-1","Alloy 617",314626,"Plate"
217.32,0.00167,"Qualified",,14005.12,"CapPass","51% Nf: Cycle 1749-1750",1750,56098,"4-1-1","Alloy 617",314626,"Plate"
216.32,0.00170,"Qualified",,14005.14,"CapPass","51% Nf: Cycle 1749-1750",1750,56099,"4-1-1","Alloy 617",314626,"Plate"
216.77,0.00174,"Qualified",,14005.14,"CapPass","51% Nf: Cycle 1749-1750",1750,56100,"4-1-1","Alloy 617",314626,"Plate"
217.04,0.00177,"Qualified",,14005.14,"CapPass","51% Nf: Cycle 1749-1750",1750,56101,"4-1-1","Alloy 617",314626,"Plate"
217.37,0.00181,"Qualified",,14005.14,"CapPass","51% Nf: Cycle 1749-1750",1750,56102,"4-1-1","Alloy 617",314626,"Plate"
217.69,0.00183,"Qualified",,14005.14,"CapPass","51% Nf: Cycle 1749-1750",1750,56103,"4-1-1","Alloy 617",314626,"Plate"
219.71,0.00186,"Qualified",,14005.16,"CapPass","51% Nf: Cycle 1749-1750",1750,56104,"4-1-1","Alloy 617",314626,"Plate"
218.40,0.00189,"Qualified",,14005.20,"CapPass","51% Nf: Cycle 1749-1750",1750,56105,"4-1-1","Alloy 617",314626,"Plate"
56.76,-0.00015,"Qualified",,16005.53,"CapPass","Cycle 2000",2000,59311,"4-1-1","Alloy 617",314626,"Plate"
60.10,-0.00013,"Qualified",,16005.56,"CapPass","Cycle 2000",2000,59312,"4-1-1","Alloy 617",314626,"Plate"
63.20,-0.00010,"Qualified",,16005.59,"CapPass","Cycle 2000",2000,59313,"4-1-1","Alloy 617",314626,"Plate"
66.20,-0.00007,"Qualified",,16005.62,"CapPass","Cycle 2000",2000,59314,"4-1-1","Alloy 617",314626,"Plate"
69.07,-0.00005,"Qualified",,16005.65,"CapPass","Cycle 2000",2000,59315,"4-1-1","Alloy 617",314626,"Plate"
71.53,-0.00002,"Qualified",,16005.68,"CapPass","Cycle 2000",2000,59316,"4-1-1","Alloy 617",314626,"Plate"
74.64,0.00000,"Qualified",,16005.71,"CapPass","Cycle 2000",2000,59317,"4-1-1","Alloy 617",314626,"Plate"
77.93,0.00003,"Qualified",,16005.75,"CapPass","Cycle 2000",2000,59318,"4-1-1","Alloy 617",314626,"Plate"
81.10,0.00005,"Qualified",,16005.78,"CapPass","Cycle 2000",2000,59319,"4-1-1","Alloy 617",314626,"Plate"
84.39,0.00008,"Qualified",,16005.81,"CapPass","Cycle 2000",2000,59320,"4-1-1","Alloy 617",314626,"Plate"
87.54,0.00010,"Qualified",,16005.84,"CapPass","Cycle 2000",2000,59321,"4-1-1","Alloy 617",314626,"Plate"
89.52,0.00012,"Qualified",,16005.86,"CapPass","Cycle 2000",2000,59322,"4-1-1","Alloy 617",314626,"Plate"
90.41,0.00013,"Qualified",,16005.87,"CapPass","Cycle 2000",2000,59323,"4-1-1","Alloy 617",314626,"Plate"
93.70,0.00015,"Qualified",,16005.89,"CapPass","Cycle 2000",2000,59324,"4-1-1","Alloy 617",314626,"Plate"
96.91,0.00018,"Qualified",,16005.92,"CapPass","Cycle 2000",2000,59325,"4-1-1","Alloy 617",314626,"Plate"
100.29,0.00020,"Qualified",,16005.95,"CapPass","Cycle 2000",2000,59326,"4-1-1","Alloy 617",314626,"Plate"
104.01,0.00023,"Qualified",,16005.97,"CapPass","Cycle 2000",2000,59327,"4-1-1","Alloy 617",314626,"Plate"
107.50,0.00026,"Qualified",,16005.99,"CapPass","Cycle 2000",2000,59328,"4-1-1","Alloy 617",314626,"Plate"
110.89,0.00028,"Qualified",,16006.01,"CapPass","Cycle 2000",2000,59329,"4-1-1","Alloy 617",314626,"Plate"
114.32,0.00031,"Qualified",,16006.02,"CapPass","Cycle 2000",2000,59330,"4-1-1","Alloy 617",314626,"Plate"
117.62,0.00033,"Qualified",,16006.04,"CapPass","Cycle 2000",2000,59331,"4-1-1","Alloy 617",314626,"Plate"
120.95,0.00036,"Qualified",,16006.06,"CapPass","Cycle 2000",2000,59332,"4-1-1","Alloy 617",314626,"Plate"
124.14,0.00038,"Qualified",,16006.07,"CapPass","Cycle 2000",2000,59333,"4-1-1","Alloy 617",314626,"Plate"
127.41,0.00041,"Qualified",,16006.09,"CapPass","Cycle 2000",2000,59334,"4-1-1","Alloy 617",314626,"Plate"
130.35,0.00044,"Qualified",,16006.10,"CapPass","Cycle 2000",2000,59335,"4-1-1","Alloy 617",314626,"Plate"
133.55,0.00046,"Qualified",,16006.12,"CapPass","Cycle 2000",2000,59336,"4-1-1","Alloy 617",314626,"Plate"
136.54,0.00049,"Qualified",,16006.14,"CapPass","Cycle 2000",2000,59337,"4-1-1","Alloy 617",314626,"Plate"
139.35,0.00051,"Qualified",,16006.16,"CapPass","Cycle 2000",2000,59338,"4-1-1","Alloy 617",314626,"Plate"
142.41,0.00054,"Qualified",,16006.18,"CapPass","Cycle 2000",2000,59339,"4-1-1","Alloy 617",314626,"Plate"
144.73,0.00056,"Qualified",,16006.20,"CapPass","Cycle 2000",2000,59340,"4-1-1","Alloy 617",314626,"Plate"
147.47,0.00059,"Qualified",,16006.22,"CapPass","Cycle 2000",2000,59341,"4-1-1","Alloy 617",314626,"Plate"
150.20,0.00061,"Qualified",,16006.25,"CapPass","Cycle 2000",2000,59342,"4-1-1","Alloy 617",314626,"Plate"
152.99,0.00064,"Qualified",,16006.27,"CapPass","Cycle 2000",2000,59343,"4-1-1","Alloy 617",314626,"Plate"
155.52,0.00067,"Qualified",,16006.30,"CapPass","Cycle 2000",2000,59344,"4-1-1","Alloy 617",314626,"Plate"
158.48,0.00069,"Qualified",,16006.33,"CapPass","Cycle 2000",2000,59345,"4-1-1","Alloy 617",314626,"Plate"
161.03,0.00072,"Qualified",,16006.36,"CapPass","Cycle 2000",2000,59346,"4-1-1","Alloy 617",314626,"Plate"
163.96,0.00074,"Qualified",,16006.39,"CapPass","Cycle 2000",2000,59347,"4-1-1","Alloy 617",314626,"Plate"
166.75,0.00077,"Qualified",,16006.41,"CapPass","Cycle 2000",2000,59348,"4-1-1","Alloy 617",314626,"Plate"
169.54,0.00079,"Qualified",,16006.44,"CapPass","Cycle 2000",2000,59349,"4-1-1","Alloy 617",314626,"Plate"
172.47,0.00082,"Qualified",,16006.47,"CapPass","Cycle 2000",2000,59350,"4-1-1","Alloy 617",314626,"Plate"
175.26,0.00084,"Qualified",,16006.49,"CapPass","Cycle 2000",2000,59351,"4-1-1","Alloy 617",314626,"Plate"
178.11,0.00087,"Qualified",,16006.52,"CapPass","Cycle 2000",2000,59352,"4-1-1","Alloy 617",314626,"Plate"
180.88,0.00089,"Qualified",,16006.54,"CapPass","Cycle 2000",2000,59353,"4-1-1","Alloy 617",314626,"Plate"
183.32,0.00092,"Qualified",,16006.57,"CapPass","Cycle 2000",2000,59354,"4-1-1","Alloy 617",314626,"Plate"
185.93,0.00095,"Qualified",,16006.59,"CapPass","Cycle 2000",2000,59355,"4-1-1","Alloy 617",314626,"Plate"
188.70,0.00097,"Qualified",,16006.62,"CapPass","Cycle 2000",2000,59356,"4-1-1","Alloy 617",314626,"Plate"
191.21,0.00100,"Qualified",,16006.64,"CapPass","Cycle 2000",2000,59357,"4-1-1","Alloy 617",314626,"Plate"
193.67,0.00102,"Qualified",,16006.67,"CapPass","Cycle 2000",2000,59358,"4-1-1","Alloy 617",314626,"Plate"
195.69,0.00105,"Qualified",,16006.69,"CapPass","Cycle 2000",2000,59359,"4-1-1","Alloy 617",314626,"Plate"
197.27,0.00107,"Qualified",,16006.71,"CapPass","Cycle 2000",2000,59360,"4-1-1","Alloy 617",314626,"Plate"
198.48,0.00110,"Qualified",,16006.72,"CapPass","Cycle 2000",2000,59361,"4-1-1","Alloy 617",314626,"Plate"
200.06,0.00112,"Qualified",,16006.74,"CapPass","Cycle 2000",2000,59362,"4-1-1","Alloy 617",314626,"Plate"
201.06,0.00115,"Qualified",,16006.76,"CapPass","Cycle 2000",2000,59363,"4-1-1","Alloy 617",314626,"Plate"
201.27,0.00118,"Qualified",,16006.78,"CapPass","Cycle 2000",2000,59364,"4-1-1","Alloy 617",314626,"Plate"
201.63,0.00120,"Qualified",,16006.79,"CapPass","Cycle 2000",2000,59365,"4-1-1","Alloy 617",314626,"Plate"
202.63,0.00123,"Qualified",,16006.81,"CapPass","Cycle 2000",2000,59366,"4-1-1","Alloy 617",314626,"Plate"
203.18,0.00125,"Qualified",,16006.86,"CapPass","Cycle 2000",2000,59367,"4-1-1","Alloy 617",314626,"Plate"
203.24,0.00126,"Qualified",,16006.87,"CapPass","Cycle 2000",2000,59368,"4-1-1","Alloy 617",314626,"Plate"
204.76,0.00128,"Qualified",,16006.92,"CapPass","Cycle 2000",2000,59369,"4-1-1","Alloy 617",314626,"Plate"
206.93,0.00131,"Qualified",,16006.96,"CapPass","Cycle 2000",2000,59370,"4-1-1","Alloy 617",314626,"Plate"
209.01,0.00133,"Qualified",,16006.99,"CapPass","Cycle 2000",2000,59371,"4-1-1","Alloy 617",314626,"Plate"
208.96,0.00136,"Qualified",,16007.00,"CapPass","Cycle 2000",2000,59372,"4-1-1","Alloy 617",314626,"Plate"
209.24,0.00139,"Qualified",,16007.00,"CapPass","Cycle 2000",2000,59373,"4-1-1","Alloy 617",314626,"Plate"
209.50,0.00143,"Qualified",,16007.00,"CapPass","Cycle 2000",2000,59374,"4-1-1","Alloy 617",314626,"Plate"
209.81,0.00146,"Qualified",,16007.01,"CapPass","Cycle 2000",2000,59375,"4-1-1","Alloy 617",314626,"Plate"
210.78,0.00148,"Qualified",,16007.02,"CapPass","Cycle 2000",2000,59376,"4-1-1","Alloy 617",314626,"Plate"
211.22,0.00151,"Qualified",,16007.05,"CapPass","Cycle 2000",2000,59377,"4-1-1","Alloy 617",314626,"Plate"
208.71,0.00153,"Qualified",,16007.19,"CapPass","Cycle 2000",2000,59378,"4-1-1","Alloy 617",314626,"Plate"
211.07,0.00156,"Qualified",,16007.22,"CapPass","Cycle 2000",2000,59379,"4-1-1","Alloy 617",314626,"Plate"
213.75,0.00158,"Qualified",,16007.25,"CapPass","Cycle 2000",2000,59380,"4-1-1","Alloy 617",314626,"Plate"
216.12,0.00161,"Qualified",,16007.27,"CapPass","Cycle 2000",2000,59381,"4-1-1","Alloy 617",314626,"Plate"
218.80,0.00164,"Qualified",,16007.30,"CapPass","Cycle 2000",2000,59382,"4-1-1","Alloy 617",314626,"Plate"
217.34,0.00166,"Qualified",,16007.31,"CapPass","Cycle 2000",2000,59383,"4-1-1","Alloy 617",314626,"Plate"
217.91,0.00169,"Qualified",,16007.32,"CapPass","Cycle 2000",2000,59384,"4-1-1","Alloy 617",314626,"Plate"
218.25,0.00171,"Qualified",,16007.32,"CapPass","Cycle 2000",2000,59385,"4-1-1","Alloy 617",314626,"Plate"
218.70,0.00174,"Qualified",,16007.33,"CapPass","Cycle 2000",2000,59386,"4-1-1","Alloy 617",314626,"Plate"
220.32,0.00177,"Qualified",,16007.35,"CapPass","Cycle 2000",2000,59387,"4-1-1","Alloy 617",314626,"Plate"
216.74,0.00180,"Qualified",,16007.36,"CapPass","Cycle 2000",2000,59388,"4-1-1","Alloy 617",314626,"Plate"
216.85,0.00183,"Qualified",,16007.36,"CapPass","Cycle 2000",2000,59389,"4-1-1","Alloy 617",314626,"Plate"
216.98,0.00187,"Qualified",,16007.36,"CapPass","Cycle 2000",2000,59390,"4-1-1","Alloy 617",314626,"Plate"
217.15,0.00190,"Qualified",,16007.37,"CapPass","Cycle 2000",2000,59391,"4-1-1","Alloy 617",314626,"Plate"
207.03,0.00187,"Qualified",,16007.49,"CapPass","Cycle 2000",2000,59392,"4-1-1","Alloy 617",314626,"Plate"
208.47,0.00190,"Qualified",,16007.59,"CapPass","Cycle 2000",2000,59393,"4-1-1","Alloy 617",314626,"Plate"
198.67,0.00187,"Qualified",,16007.73,"CapPass","Cycle 2000",2000,59394,"4-1-1","Alloy 617",314626,"Plate"
194.43,0.00185,"Qualified",,16007.75,"CapPass","Cycle 2000",2000,59395,"4-1-1","Alloy 617",314626,"Plate"
190.02,0.00182,"Qualified",,16007.77,"CapPass","Cycle 2000",2000,59396,"4-1-1","Alloy 617",314626,"Plate"
185.86,0.00180,"Qualified",,16007.79,"CapPass","Cycle 2000",2000,59397,"4-1-1","Alloy 617",314626,"Plate"
181.98,0.00177,"Qualified",,16007.80,"CapPass","Cycle 2000",2000,59398,"4-1-1","Alloy 617",314626,"Plate"
177.90,0.00174,"Qualified",,16007.82,"CapPass","Cycle 2000",2000,59399,"4-1-1","Alloy 617",314626,"Plate"
173.87,0.00172,"Qualified",,16007.85,"CapPass","Cycle 2000",2000,59400,"4-1-1","Alloy 617",314626,"Plate"
171.42,0.00170,"Qualified",,16007.86,"CapPass","Cycle 2000",2000,59401,"4-1-1","Alloy 617",314626,"Plate"
169.90,0.00169,"Qualified",,16007.87,"CapPass","Cycle 2000",2000,59402,"4-1-1","Alloy 617",314626,"Plate"
165.99,0.00167,"Qualified",,16007.89,"CapPass","Cycle 2000",2000,59403,"4-1-1","Alloy 617",314626,"Plate"
161.92,0.00164,"Qualified",,16007.92,"CapPass","Cycle 2000",2000,59404,"4-1-1","Alloy 617",314626,"Plate"
158.29,0.00162,"Qualified",,16007.94,"CapPass","Cycle 2000",2000,59405,"4-1-1","Alloy 617",314626,"Plate"
154.53,0.00159,"Qualified",,16007.97,"CapPass","Cycle 2000",2000,59406,"4-1-1","Alloy 617",314626,"Plate"
150.61,0.00157,"Qualified",,16008.00,"CapPass","Cycle 2000",2000,59407,"4-1-1","Alloy 617",314626,"Plate"
146.77,0.00154,"Qualified",,16008.03,"CapPass","Cycle 2000",2000,59408,"4-1-1","Alloy 617",314626,"Plate"
142.96,0.00152,"Qualified",,16008.06,"CapPass","Cycle 2000",2000,59409,"4-1-1","Alloy 617",314626,"Plate"
138.78,0.00149,"Qualified",,16008.09,"CapPass","Cycle 2000",2000,59410,"4-1-1","Alloy 617",314626,"Plate"
134.88,0.00146,"Qualified",,16008.12,"CapPass","Cycle 2000",2000,59411,"4-1-1","Alloy 617",314626,"Plate"
131.29,0.00144,"Qualified",,16008.14,"CapPass","Cycle 2000",2000,59412,"4-1-1","Alloy 617",314626,"Plate"
127.22,0.00141,"Qualified",,16008.17,"CapPass","Cycle 2000",2000,59413,"4-1-1","Alloy 617",314626,"Plate"
123.51,0.00139,"Qualified",,16008.19,"CapPass","Cycle 2000",2000,59414,"4-1-1","Alloy 617",314626,"Plate"
119.78,0.00136,"Qualified",,16008.22,"CapPass","Cycle 2000",2000,59415,"4-1-1","Alloy 617",314626,"Plate"
116.14,0.00134,"Qualified",,16008.25,"CapPass","Cycle 2000",2000,59416,"4-1-1","Alloy 617",314626,"Plate"
112.44,0.00131,"Qualified",,16008.27,"CapPass","Cycle 2000",2000,59417,"4-1-1","Alloy 617",314626,"Plate"
108.75,0.00129,"Qualified",,16008.30,"CapPass","Cycle 2000",2000,59418,"4-1-1","Alloy 617",314626,"Plate"
104.86,0.00126,"Qualified",,16008.33,"CapPass","Cycle 2000",2000,59419,"4-1-1","Alloy 617",314626,"Plate"
101.33,0.00124,"Qualified",,16008.35,"CapPass","Cycle 2000",2000,59420,"4-1-1","Alloy 617",314626,"Plate"
97.53,0.00121,"Qualified",,16008.38,"CapPass","Cycle 2000",2000,59421,"4-1-1","Alloy 617",314626,"Plate"
93.72,0.00118,"Qualified",,16008.41,"CapPass","Cycle 2000",2000,59422,"4-1-1","Alloy 617",314626,"Plate"
89.92,0.00116,"Qualified",,16008.44,"CapPass","Cycle 2000",2000,59423,"4-1-1","Alloy 617",314626,"Plate"
86.41,0.00113,"Qualified",,16008.46,"CapPass","Cycle 2000",2000,59424,"4-1-1","Alloy 617",314626,"Plate"
82.87,0.00111,"Qualified",,16008.49,"CapPass","Cycle 2000",2000,59425,"4-1-1","Alloy 617",314626,"Plate"
79.17,0.00108,"Qualified",,16008.52,"CapPass","Cycle 2000",2000,59426,"4-1-1","Alloy 617",314626,"Plate"
75.33,0.00106,"Qualified",,16008.54,"CapPass","Cycle 2000",2000,59427,"4-1-1","Alloy 617",314626,"Plate"
71.74,0.00103,"Qualified",,16008.57,"CapPass","Cycle 2000",2000,59428,"4-1-1","Alloy 617",314626,"Plate"
67.78,0.00101,"Qualified",,16008.60,"CapPass","Cycle 2000",2000,59429,"4-1-1","Alloy 617",314626,"Plate"
63.91,0.00098,"Qualified",,16008.63,"CapPass","Cycle 2000",2000,59430,"4-1-1","Alloy 617",314626,"Plate"
59.83,0.00096,"Qualified",,16008.66,"CapPass","Cycle 2000",2000,59431,"4-1-1","Alloy 617",314626,"Plate"
56.14,0.00093,"Qualified",,16008.68,"CapPass","Cycle 2000",2000,59432,"4-1-1","Alloy 617",314626,"Plate"
52.50,0.00090,"Qualified",,16008.71,"CapPass","Cycle 2000",2000,59433,"4-1-1","Alloy 617",314626,"Plate"
49.20,0.00088,"Qualified",,16008.73,"CapPass","Cycle 2000",2000,59434,"4-1-1","Alloy 617",314626,"Plate"
45.93,0.00085,"Qualified",,16008.76,"CapPass","Cycle 2000",2000,59435,"4-1-1","Alloy 617",314626,"Plate"
42.45,0.00083,"Qualified",,16008.78,"CapPass","Cycle 2000",2000,59436,"4-1-1","Alloy 617",314626,"Plate"
39.12,0.00080,"Qualified",,16008.81,"CapPass","Cycle 2000",2000,59437,"4-1-1","Alloy 617",314626,"Plate"
35.73,0.00078,"Qualified",,16008.84,"CapPass","Cycle 2000",2000,59438,"4-1-1","Alloy 617",314626,"Plate"
32.82,0.00076,"Qualified",,16008.86,"CapPass","Cycle 2000",2000,59439,"4-1-1","Alloy 617",314626,"Plate"
32.34,0.00075,"Qualified",,16008.86,"CapPass","Cycle 2000",2000,59440,"4-1-1","Alloy 617",314626,"Plate"
28.75,0.00073,"Qualified",,16008.89,"CapPass","Cycle 2000",2000,59441,"4-1-1","Alloy 617",314626,"Plate"
25.14,0.00070,"Qualified",,16008.92,"CapPass","Cycle 2000",2000,59442,"4-1-1","Alloy 617",314626,"Plate"
21.54,0.00068,"Qualified",,16008.95,"CapPass","Cycle 2000",2000,59443,"4-1-1","Alloy 617",314626,"Plate"
18.41,0.00065,"Qualified",,16008.97,"CapPass","Cycle 2000",2000,59444,"4-1-1","Alloy 617",314626,"Plate"
14.43,0.00062,"Qualified",,16009.00,"CapPass","Cycle 2000",2000,59445,"4-1-1","Alloy 617",314626,"Plate"
10.68,0.00060,"Qualified",,16009.03,"CapPass","Cycle 2000",2000,59446,"4-1-1","Alloy 617",314626,"Plate"
6.70,0.00057,"Qualified",,16009.06,"CapPass","Cycle 2000",2000,59447,"4-1-1","Alloy 617",314626,"Plate"
2.40,0.00055,"Qualified",,16009.09,"CapPass","Cycle 2000",2000,59448,"4-1-1","Alloy 617",314626,"Plate"
-0.98,0.00052,"Qualified",,16009.12,"CapPass","Cycle 2000",2000,59449,"4-1-1","Alloy 617",314626,"Plate"
-4.26,0.00050,"Qualified",,16009.14,"CapPass","Cycle 2000",2000,59450,"4-1-1","Alloy 617",314626,"Plate"
-7.59,0.00047,"Qualified",,16009.17,"CapPass","Cycle 2000",2000,59451,"4-1-1","Alloy 617",314626,"Plate"
-11.01,0.00045,"Qualified",,16009.19,"CapPass","Cycle 2000",2000,59452,"4-1-1","Alloy 617",314626,"Plate"
-14.14,0.00042,"Qualified",,16009.22,"CapPass","Cycle 2000",2000,59453,"4-1-1","Alloy 617",314626,"Plate"
-17.39,0.00040,"Qualified",,16009.25,"CapPass","Cycle 2000",2000,59454,"4-1-1","Alloy 617",314626,"Plate"
-21.01,0.00037,"Qualified",,16009.31,"CapPass","Cycle 2000",2000,59455,"4-1-1","Alloy 617",314626,"Plate"
-24.78,0.00035,"Qualified",,16009.42,"CapPass","Cycle 2000",2000,59456,"4-1-1","Alloy 617",314626,"Plate"
-28.30,0.00032,"Qualified",,16009.45,"CapPass","Cycle 2000",2000,59457,"4-1-1","Alloy 617",314626,"Plate"
-32.01,0.00029,"Qualified",,16009.48,"CapPass","Cycle 2000",2000,59458,"4-1-1","Alloy 617",314626,"Plate"
-35.32,0.00027,"Qualified",,16009.51,"CapPass","Cycle 2000",2000,59459,"4-1-1","Alloy 617",314626,"Plate"
-38.46,0.00024,"Qualified",,16009.54,"CapPass","Cycle 2000",2000,59460,"4-1-1","Alloy 617",314626,"Plate"
-41.79,0.00022,"Qualified",,16009.56,"CapPass","Cycle 2000",2000,59461,"4-1-1","Alloy 617",314626,"Plate"
-45.78,0.00019,"Qualified",,16009.59,"CapPass","Cycle 2000",2000,59462,"4-1-1","Alloy 617",314626,"Plate"
-49.57,0.00017,"Qualified",,16009.61,"CapPass","Cycle 2000",2000,59463,"4-1-1","Alloy 617",314626,"Plate"
-53.92,0.00014,"Qualified",,16009.63,"CapPass","Cycle 2000",2000,59464,"4-1-1","Alloy 617",314626,"Plate"
-57.86,0.00012,"Qualified",,16009.64,"CapPass","Cycle 2000",2000,59465,"4-1-1","Alloy 617",314626,"Plate"
-61.41,0.00009,"Qualified",,16009.66,"CapPass","Cycle 2000",2000,59466,"4-1-1","Alloy 617",314626,"Plate"
-65.02,0.00006,"Qualified",,16009.67,"CapPass","Cycle 2000",2000,59467,"4-1-1","Alloy 617",314626,"Plate"
-68.68,0.00004,"Qualified",,16009.69,"CapPass","Cycle 2000",2000,59468,"4-1-1","Alloy 617",314626,"Plate"
-72.56,0.00001,"Qualified",,16009.71,"CapPass","Cycle 2000",2000,59469,"4-1-1","Alloy 617",314626,"Plate"
-76.29,-0.00001,"Qualified",,16009.73,"CapPass","Cycle 2000",2000,59470,"4-1-1","Alloy 617",314626,"Plate"
-80.01,-0.00004,"Qualified",,16009.75,"CapPass","Cycle 2000",2000,59471,"4-1-1","Alloy 617",314626,"Plate"
-83.59,-0.00006,"Qualified",,16009.76,"CapPass","Cycle 2000",2000,59472,"4-1-1","Alloy 617",314626,"Plate"
-87.13,-0.00009,"Qualified",,16009.78,"CapPass","Cycle 2000",2000,59473,"4-1-1","Alloy 617",314626,"Plate"
-90.67,-0.00012,"Qualified",,16009.80,"CapPass","Cycle 2000",2000,59474,"4-1-1","Alloy 617",314626,"Plate"
-93.76,-0.00014,"Qualified",,16009.81,"CapPass","Cycle 2000",2000,59475,"4-1-1","Alloy 617",314626,"Plate"
-97.07,-0.00017,"Qualified",,16009.83,"CapPass","Cycle 2000",2000,59476,"4-1-1","Alloy 617",314626,"Plate"
-100.44,-0.00019,"Qualified",,16009.85,"CapPass","Cycle 2000",2000,59477,"4-1-1","Alloy 617",314626,"Plate"
-102.91,-0.00022,"Qualified",,16009.86,"CapPass","Cycle 2000",2000,59478,"4-1-1","Alloy 617",314626,"Plate"
-103.44,-0.00022,"Qualified",,16009.86,"CapPass","Cycle 2000",2000,59479,"4-1-1","Alloy 617",314626,"Plate"
-106.90,-0.00025,"Qualified",,16009.88,"CapPass","Cycle 2000",2000,59480,"4-1-1","Alloy 617",314626,"Plate"
-110.32,-0.00027,"Qualified",,16009.90,"CapPass","Cycle 2000",2000,59481,"4-1-1","Alloy 617",314626,"Plate"
-113.60,-0.00030,"Qualified",,16009.93,"CapPass","Cycle 2000",2000,59482,"4-1-1","Alloy 617",314626,"Plate"
-116.53,-0.00032,"Qualified",,16009.95,"CapPass","Cycle 2000",2000,59483,"4-1-1","Alloy 617",314626,"Plate"
-120.06,-0.00035,"Qualified",,16009.98,"CapPass","Cycle 2000",2000,59484,"4-1-1","Alloy 617",314626,"Plate"
-123.61,-0.00037,"Qualified",,16010.01,"CapPass","Cycle 2000",2000,59485,"4-1-1","Alloy 617",314626,"Plate"
-127.16,-0.00040,"Qualified",,16010.03,"CapPass","Cycle 2000",2000,59486,"4-1-1","Alloy 617",314626,"Plate"
-130.03,-0.00042,"Qualified",,16010.06,"CapPass","Cycle 2000",2000,59487,"4-1-1","Alloy 617",314626,"Plate"
-133.67,-0.00045,"Qualified",,16010.09,"CapPass","Cycle 2000",2000,59488,"4-1-1","Alloy 617",314626,"Plate"
-137.24,-0.00047,"Qualified",,16010.12,"CapPass","Cycle 2000",2000,59489,"4-1-1","Alloy 617",314626,"Plate"
-140.35,-0.00050,"Qualified",,16010.14,"CapPass","Cycle 2000",2000,59490,"4-1-1","Alloy 617",314626,"Plate"
-143.45,-0.00052,"Qualified",,16010.17,"CapPass","Cycle 2000",2000,59491,"4-1-1","Alloy 617",314626,"Plate"
-146.59,-0.00055,"Qualified",,16010.19,"CapPass","Cycle 2000",2000,59492,"4-1-1","Alloy 617",314626,"Plate"
-149.84,-0.00058,"Qualified",,16010.22,"CapPass","Cycle 2000",2000,59493,"4-1-1","Alloy 617",314626,"Plate"
-152.78,-0.00060,"Qualified",,16010.24,"CapPass","Cycle 2000",2000,59494,"4-1-1","Alloy 617",314626,"Plate"
-155.86,-0.00063,"Qualified",,16010.27,"CapPass","Cycle 2000",2000,59495,"4-1-1","Alloy 617",314626,"Plate"
-158.67,-0.00065,"Qualified",,16010.29,"CapPass","Cycle 2000",2000,59496,"4-1-1","Alloy 617",314626,"Plate"
-161.81,-0.00068,"Qualified",,16010.32,"CapPass","Cycle 2000",2000,59497,"4-1-1","Alloy 617",314626,"Plate"
-164.61,-0.00070,"Qualified",,16010.34,"CapPass","Cycle 2000",2000,59498,"4-1-1","Alloy 617",314626,"Plate"
-167.42,-0.00073,"Qualified",,16010.37,"CapPass","Cycle 2000",2000,59499,"4-1-1","Alloy 617",314626,"Plate"
-170.26,-0.00076,"Qualified",,16010.39,"CapPass","Cycle 2000",2000,59500,"4-1-1","Alloy 617",314626,"Plate"
-173.43,-0.00078,"Qualified",,16010.42,"CapPass","Cycle 2000",2000,59501,"4-1-1","Alloy 617",314626,"Plate"
-176.17,-0.00081,"Qualified",,16010.45,"CapPass","Cycle 2000",2000,59502,"4-1-1","Alloy 617",314626,"Plate"
-178.72,-0.00083,"Qualified",,16010.47,"CapPass","Cycle 2000",2000,59503,"4-1-1","Alloy 617",314626,"Plate"
-181.47,-0.00086,"Qualified",,16010.50,"CapPass","Cycle 2000",2000,59504,"4-1-1","Alloy 617",314626,"Plate"
-184.20,-0.00088,"Qualified",,16010.52,"CapPass","Cycle 2000",2000,59505,"4-1-1","Alloy 617",314626,"Plate"
-186.90,-0.00091,"Qualified",,16010.55,"CapPass","Cycle 2000",2000,59506,"4-1-1","Alloy 617",314626,"Plate"
-189.53,-0.00093,"Qualified",,16010.58,"CapPass","Cycle 2000",2000,59507,"4-1-1","Alloy 617",314626,"Plate"
-191.45,-0.00096,"Qualified",,16010.60,"CapPass","Cycle 2000",2000,59508,"4-1-1","Alloy 617",314626,"Plate"
-193.45,-0.00099,"Qualified",,16010.62,"CapPass","Cycle 2000",2000,59509,"4-1-1","Alloy 617",314626,"Plate"
-196.04,-0.00101,"Qualified",,16010.65,"CapPass","Cycle 2000",2000,59510,"4-1-1","Alloy 617",314626,"Plate"
-196.21,-0.00104,"Qualified",,16010.67,"CapPass","Cycle 2000",2000,59511,"4-1-1","Alloy 617",314626,"Plate"
-196.88,-0.00106,"Qualified",,16010.68,"CapPass","Cycle 2000",2000,59512,"4-1-1","Alloy 617",314626,"Plate"
-197.89,-0.00109,"Qualified",,16010.69,"CapPass","Cycle 2000",2000,59513,"4-1-1","Alloy 617",314626,"Plate"
-199.05,-0.00112,"Qualified",,16010.72,"CapPass","Cycle 2000",2000,59514,"4-1-1","Alloy 617",314626,"Plate"
-199.22,-0.00115,"Qualified",,16010.73,"CapPass","Cycle 2000",2000,59515,"4-1-1","Alloy 617",314626,"Plate"
-199.34,-0.00117,"Qualified",,16010.73,"CapPass","Cycle 2000",2000,59516,"4-1-1","Alloy 617",314626,"Plate"
-199.46,-0.00120,"Qualified",,16010.73,"CapPass","Cycle 2000",2000,59517,"4-1-1","Alloy 617",314626,"Plate"
-198.83,-0.00123,"Qualified",,16010.79,"CapPass","Cycle 2000",2000,59518,"4-1-1","Alloy 617",314626,"Plate"
-196.80,-0.00124,"Qualified",,16010.86,"CapPass","Cycle 2000",2000,59519,"4-1-1","Alloy 617",314626,"Plate"
-197.74,-0.00125,"Qualified",,16010.91,"CapPass","Cycle 2000",2000,59520,"4-1-1","Alloy 617",314626,"Plate"
-200.58,-0.00128,"Qualified",,16010.95,"CapPass","Cycle 2000",2000,59521,"4-1-1","Alloy 617",314626,"Plate"
-203.23,-0.00130,"Qualified",,16010.97,"CapPass","Cycle 2000",2000,59522,"4-1-1","Alloy 617",314626,"Plate"
-206.09,-0.00133,"Qualified",,16011.00,"CapPass","Cycle 2000",2000,59523,"4-1-1","Alloy 617",314626,"Plate"
-208.91,-0.00135,"Qualified",,16011.02,"CapPass","Cycle 2000",2000,59524,"4-1-1","Alloy 617",314626,"Plate"
-209.26,-0.00138,"Qualified",,16011.04,"CapPass","Cycle 2000",2000,59525,"4-1-1","Alloy 617",314626,"Plate"
-209.74,-0.00141,"Qualified",,16011.04,"CapPass","Cycle 2000",2000,59526,"4-1-1","Alloy 617",314626,"Plate"
-210.18,-0.00144,"Qualified",,16011.05,"CapPass","Cycle 2000",2000,59527,"4-1-1","Alloy 617",314626,"Plate"
-211.76,-0.00146,"Qualified",,16011.06,"CapPass","Cycle 2000",2000,59528,"4-1-1","Alloy 617",314626,"Plate"
-211.90,-0.00149,"Qualified",,16011.07,"CapPass","Cycle 2000",2000,59529,"4-1-1","Alloy 617",314626,"Plate"
-212.22,-0.00152,"Qualified",,16011.08,"CapPass","Cycle 2000",2000,59530,"4-1-1","Alloy 617",314626,"Plate"
-212.54,-0.00155,"Qualified",,16011.08,"CapPass","Cycle 2000",2000,59531,"4-1-1","Alloy 617",314626,"Plate"
-210.71,-0.00157,"Qualified",,16011.11,"CapPass","Cycle 2000",2000,59532,"4-1-1","Alloy 617",314626,"Plate"
-208.81,-0.00160,"Qualified",,16011.26,"CapPass","Cycle 2000",2000,59533,"4-1-1","Alloy 617",314626,"Plate"
-211.68,-0.00162,"Qualified",,16011.30,"CapPass","Cycle 2000",2000,59534,"4-1-1","Alloy 617",314626,"Plate"
-214.56,-0.00165,"Qualified",,16011.33,"CapPass","Cycle 2000",2000,59535,"4-1-1","Alloy 617",314626,"Plate"
-217.63,-0.00168,"Qualified",,16011.35,"CapPass","Cycle 2000",2000,59536,"4-1-1","Alloy 617",314626,"Plate"
-217.77,-0.00170,"Qualified",,16011.37,"CapPass","Cycle 2000",2000,59537,"4-1-1","Alloy 617",314626,"Plate"
-218.26,-0.00174,"Qualified",,16011.38,"CapPass","Cycle 2000",2000,59538,"4-1-1","Alloy 617",314626,"Plate"
-218.52,-0.00177,"Qualified",,16011.38,"CapPass","Cycle 2000",2000,59539,"4-1-1","Alloy 617",314626,"Plate"
-218.80,-0.00181,"Qualified",,16011.38,"CapPass","Cycle 2000",2000,59540,"4-1-1","Alloy 617",314626,"Plate"
-219.00,-0.00186,"Qualified",,16011.38,"CapPass","Cycle 2000",2000,59541,"4-1-1","Alloy 617",314626,"Plate"
-219.24,-0.00190,"Qualified",,16011.39,"CapPass","Cycle 2000",2000,59542,"4-1-1","Alloy 617",314626,"Plate"
-219.52,-0.00194,"Qualified",,16011.39,"CapPass","Cycle 2000",2000,59543,"4-1-1","Alloy 617",314626,"Plate"
-220.91,-0.00196,"Qualified",,16011.41,"CapPass","Cycle 2000",2000,59544,"4-1-1","Alloy 617",314626,"Plate"
-210.75,-0.00193,"Qualified",,16011.50,"CapPass","Cycle 2000",2000,59545,"4-1-1","Alloy 617",314626,"Plate"
-206.95,-0.00191,"Qualified",,16011.53,"CapPass","Cycle 2000",2000,59546,"4-1-1","Alloy 617",314626,"Plate"
-198.78,-0.00188,"Qualified",,16011.69,"CapPass","Cycle 2000",2000,59547,"4-1-1","Alloy 617",314626,"Plate"
-193.99,-0.00186,"Qualified",,16011.73,"CapPass","Cycle 2000",2000,59548,"4-1-1","Alloy 617",314626,"Plate"
-189.33,-0.00183,"Qualified",,16011.75,"CapPass","Cycle 2000",2000,59549,"4-1-1","Alloy 617",314626,"Plate"
-184.99,-0.00181,"Qualified",,16011.78,"CapPass","Cycle 2000",2000,59550,"4-1-1","Alloy 617",314626,"Plate"
-180.78,-0.00178,"Qualified",,16011.80,"CapPass","Cycle 2000",2000,59551,"4-1-1","Alloy 617",314626,"Plate"
-176.85,-0.00176,"Qualified",,16011.82,"CapPass","Cycle 2000",2000,59552,"4-1-1","Alloy 617",314626,"Plate"
-172.91,-0.00173,"Qualified",,16011.84,"CapPass","Cycle 2000",2000,59553,"4-1-1","Alloy 617",314626,"Plate"
-169.48,-0.00171,"Qualified",,16011.86,"CapPass","Cycle 2000",2000,59554,"4-1-1","Alloy 617",314626,"Plate"
-168.81,-0.00171,"Qualified",,16011.86,"CapPass","Cycle 2000",2000,59555,"4-1-1","Alloy 617",314626,"Plate"
-164.80,-0.00168,"Qualified",,16011.89,"CapPass","Cycle 2000",2000,59556,"4-1-1","Alloy 617",314626,"Plate"
-160.82,-0.00166,"Qualified",,16011.91,"CapPass","Cycle 2000",2000,59557,"4-1-1","Alloy 617",314626,"Plate"
-156.66,-0.00163,"Qualified",,16011.94,"CapPass","Cycle 2000",2000,59558,"4-1-1","Alloy 617",314626,"Plate"
-152.53,-0.00160,"Qualified",,16011.96,"CapPass","Cycle 2000",2000,59559,"4-1-1","Alloy 617",314626,"Plate"
-148.33,-0.00158,"Qualified",,16011.99,"CapPass","Cycle 2000",2000,59560,"4-1-1","Alloy 617",314626,"Plate"
-144.27,-0.00155,"Qualified",,16012.02,"CapPass","Cycle 2000",2000,59561,"4-1-1","Alloy 617",314626,"Plate"
-140.10,-0.00153,"Qualified",,16012.05,"CapPass","Cycle 2000",2000,59562,"4-1-1","Alloy 617",314626,"Plate"
-135.85,-0.00150,"Qualified",,16012.08,"CapPass","Cycle 2000",2000,59563,"4-1-1","Alloy 617",314626,"Plate"
-131.96,-0.00148,"Qualified",,16012.10,"CapPass","Cycle 2000",2000,59564,"4-1-1","Alloy 617",314626,"Plate"
-127.96,-0.00145,"Qualified",,16012.13,"CapPass","Cycle 2000",2000,59565,"4-1-1","Alloy 617",314626,"Plate"
-124.09,-0.00143,"Qualified",,16012.16,"CapPass","Cycle 2000",2000,59566,"4-1-1","Alloy 617",314626,"Plate"
-120.00,-0.00140,"Qualified",,16012.19,"CapPass","Cycle 2000",2000,59567,"4-1-1","Alloy 617",314626,"Plate"
-116.22,-0.00138,"Qualified",,16012.21,"CapPass","Cycle 2000",2000,59568,"4-1-1","Alloy 617",314626,"Plate"
-112.55,-0.00135,"Qualified",,16012.24,"CapPass","Cycle 2000",2000,59569,"4-1-1","Alloy 617",314626,"Plate"
-108.60,-0.00132,"Qualified",,16012.27,"CapPass","Cycle 2000",2000,59570,"4-1-1","Alloy 617",314626,"Plate"
-104.81,-0.00130,"Qualified",,16012.29,"CapPass","Cycle 2000",2000,59571,"4-1-1","Alloy 617",314626,"Plate"
-101.18,-0.00127,"Qualified",,16012.32,"CapPass","Cycle 2000",2000,59572,"4-1-1","Alloy 617",314626,"Plate"
-97.71,-0.00125,"Qualified",,16012.34,"CapPass","Cycle 2000",2000,59573,"4-1-1","Alloy 617",314626,"Plate"
-93.99,-0.00122,"Qualified",,16012.37,"CapPass","Cycle 2000",2000,59574,"4-1-1","Alloy 617",314626,"Plate"
-90.19,-0.00120,"Qualified",,16012.40,"CapPass","Cycle 2000",2000,59575,"4-1-1","Alloy 617",314626,"Plate"
-86.00,-0.00117,"Qualified",,16012.43,"CapPass","Cycle 2000",2000,59576,"4-1-1","Alloy 617",314626,"Plate"
-82.05,-0.00115,"Qualified",,16012.46,"CapPass","Cycle 2000",2000,59577,"4-1-1","Alloy 617",314626,"Plate"
-78.92,-0.00112,"Qualified",,16012.48,"CapPass","Cycle 2000",2000,59578,"4-1-1","Alloy 617",314626,"Plate"
-75.39,-0.00109,"Qualified",,16012.50,"CapPass","Cycle 2000",2000,59579,"4-1-1","Alloy 617",314626,"Plate"
-71.79,-0.00107,"Qualified",,16012.53,"CapPass","Cycle 2000",2000,59580,"4-1-1","Alloy 617",314626,"Plate"
-68.07,-0.00104,"Qualified",,16012.56,"CapPass","Cycle 2000",2000,59581,"4-1-1","Alloy 617",314626,"Plate"
-63.06,-0.00102,"Qualified",,16012.59,"CapPass","Cycle 2000",2000,59582,"4-1-1","Alloy 617",314626,"Plate"
-58.76,-0.00099,"Qualified",,16012.62,"CapPass","Cycle 2000",2000,59583,"4-1-1","Alloy 617",314626,"Plate"
-54.57,-0.00097,"Qualified",,16012.65,"CapPass","Cycle 2000",2000,59584,"4-1-1","Alloy 617",314626,"Plate"
-50.92,-0.00094,"Qualified",,16012.68,"CapPass","Cycle 2000",2000,59585,"4-1-1","Alloy 617",314626,"Plate"
-47.45,-0.00092,"Qualified",,16012.70,"CapPass","Cycle 2000",2000,59586,"4-1-1","Alloy 617",314626,"Plate"
-43.67,-0.00089,"Qualified",,16012.73,"CapPass","Cycle 2000",2000,59587,"4-1-1","Alloy 617",314626,"Plate"
-40.09,-0.00086,"Qualified",,16012.75,"CapPass","Cycle 2000",2000,59588,"4-1-1","Alloy 617",314626,"Plate"
-36.58,-0.00084,"Qualified",,16012.78,"CapPass","Cycle 2000",2000,59589,"4-1-1","Alloy 617",314626,"Plate"
-32.56,-0.00081,"Qualified",,16012.81,"CapPass","Cycle 2000",2000,59590,"4-1-1","Alloy 617",314626,"Plate"
-29.02,-0.00079,"Qualified",,16012.83,"CapPass","Cycle 2000",2000,59591,"4-1-1","Alloy 617",314626,"Plate"
-25.37,-0.00076,"Qualified",,16012.86,"CapPass","Cycle 2000",2000,59592,"4-1-1","Alloy 617",314626,"Plate"
-21.41,-0.00074,"Qualified",,16012.89,"CapPass","Cycle 2000",2000,59593,"4-1-1","Alloy 617",314626,"Plate"
-17.84,-0.00071,"Qualified",,16012.92,"CapPass","Cycle 2000",2000,59594,"4-1-1","Alloy 617",314626,"Plate"
-13.93,-0.00069,"Qualified",,16012.94,"CapPass","Cycle 2000",2000,59595,"4-1-1","Alloy 617",314626,"Plate"
-10.10,-0.00066,"Qualified",,16012.97,"CapPass","Cycle 2000",2000,59596,"4-1-1","Alloy 617",314626,"Plate"
-6.60,-0.00064,"Qualified",,16013.00,"CapPass","Cycle 2000",2000,59597,"4-1-1","Alloy 617",314626,"Plate"
-2.76,-0.00061,"Qualified",,16013.02,"CapPass","Cycle 2000",2000,59598,"4-1-1","Alloy 617",314626,"Plate"
0.80,-0.00059,"Qualified",,16013.05,"CapPass","Cycle 2000",2000,59599,"4-1-1","Alloy 617",314626,"Plate"
4.08,-0.00056,"Qualified",,16013.07,"CapPass","Cycle 2000",2000,59600,"4-1-1","Alloy 617",314626,"Plate"
7.73,-0.00053,"Qualified",,16013.10,"CapPass","Cycle 2000",2000,59601,"4-1-1","Alloy 617",314626,"Plate"
11.38,-0.00051,"Qualified",,16013.13,"CapPass","Cycle 2000",2000,59602,"4-1-1","Alloy 617",314626,"Plate"
15.55,-0.00048,"Qualified",,16013.16,"CapPass","Cycle 2000",2000,59603,"4-1-1","Alloy 617",314626,"Plate"
19.13,-0.00046,"Qualified",,16013.19,"CapPass","Cycle 2000",2000,59604,"4-1-1","Alloy 617",314626,"Plate"
22.40,-0.00043,"Qualified",,16013.21,"CapPass","Cycle 2000",2000,59605,"4-1-1","Alloy 617",314626,"Plate"
25.70,-0.00041,"Qualified",,16013.24,"CapPass","Cycle 2000",2000,59606,"4-1-1","Alloy 617",314626,"Plate"
28.44,-0.00038,"Qualified",,16013.28,"CapPass","Cycle 2000",2000,59607,"4-1-1","Alloy 617",314626,"Plate"
31.39,-0.00036,"Qualified",,16013.32,"CapPass","Cycle 2000",2000,59608,"4-1-1","Alloy 617",314626,"Plate"
34.66,-0.00033,"Qualified",,16013.36,"CapPass","Cycle 2000",2000,59609,"4-1-1","Alloy 617",314626,"Plate"
37.80,-0.00031,"Qualified",,16013.39,"CapPass","Cycle 2000",2000,59610,"4-1-1","Alloy 617",314626,"Plate"
41.69,-0.00028,"Qualified",,16013.41,"CapPass","Cycle 2000",2000,59611,"4-1-1","Alloy 617",314626,"Plate"
45.41,-0.00025,"Qualified",,16013.44,"CapPass","Cycle 2000",2000,59612,"4-1-1","Alloy 617",314626,"Plate"
48.59,-0.00023,"Qualified",,16013.45,"CapPass","Cycle 2000",2000,59613,"4-1-1","Alloy 617",314626,"Plate"
51.91,-0.00020,"Qualified",,16013.48,"CapPass","Cycle 2000",2000,59614,"4-1-1","Alloy 617",314626,"Plate"
55.35,-0.00018,"Qualified",,16013.51,"CapPass","Cycle 2000",2000,59615,"4-1-1","Alloy 617",314626,"Plate"
204.43,0.00186,"Qualified",,24817.24,"CapPass","90% Nf: Cycle 3100-3101",3100,73694,"4-1-1","Alloy 617",314626,"Plate"
207.37,0.00188,"Qualified",,24817.26,"CapPass","90% Nf: Cycle 3100-3101",3100,73695,"4-1-1","Alloy 617",314626,"Plate"
210.00,0.00191,"Qualified",,24817.28,"CapPass","90% Nf: Cycle 3100-3101",3100,73696,"4-1-1","Alloy 617",314626,"Plate"
211.52,0.00193,"Qualified",,24817.31,"CapPass","90% Nf: Cycle 3100-3101",3100,73697,"4-1-1","Alloy 617",314626,"Plate"
203.72,0.00191,"Qualified",,24817.40,"CapPass","90% Nf: Cycle 3100-3101",3100,73698,"4-1-1","Alloy 617",314626,"Plate"
199.59,0.00188,"Qualified",,24817.42,"CapPass","90% Nf: Cycle 3100-3101",3100,73699,"4-1-1","Alloy 617",314626,"Plate"
195.80,0.00186,"Qualified",,24817.43,"CapPass","90% Nf: Cycle 3100-3101",3100,73700,"4-1-1","Alloy 617",314626,"Plate"
191.98,0.00183,"Qualified",,24817.45,"CapPass","90% Nf: Cycle 3100-3101",3100,73701,"4-1-1","Alloy 617",314626,"Plate"
188.20,0.00181,"Qualified",,24817.47,"CapPass","90% Nf: Cycle 3100-3101",3100,73702,"4-1-1","Alloy 617",314626,"Plate"
184.14,0.00178,"Qualified",,24817.49,"CapPass","90% Nf: Cycle 3100-3101",3100,73703,"4-1-1","Alloy 617",314626,"Plate"
180.34,0.00175,"Qualified",,24817.51,"CapPass","90% Nf: Cycle 3100-3101",3100,73704,"4-1-1","Alloy 617",314626,"Plate"
176.61,0.00173,"Qualified",,24817.52,"CapPass","90% Nf: Cycle 3100-3101",3100,73705,"4-1-1","Alloy 617",314626,"Plate"
173.01,0.00170,"Qualified",,24817.54,"CapPass","90% Nf: Cycle 3100-3101",3100,73706,"4-1-1","Alloy 617",314626,"Plate"
169.27,0.00168,"Qualified",,24817.57,"CapPass","90% Nf: Cycle 3100-3101",3100,73707,"4-1-1","Alloy 617",314626,"Plate"
165.66,0.00165,"Qualified",,24817.60,"CapPass","90% Nf: Cycle 3100-3101",3100,73708,"4-1-1","Alloy 617",314626,"Plate"
162.18,0.00163,"Qualified",,24817.62,"CapPass","90% Nf: Cycle 3100-3101",3100,73709,"4-1-1","Alloy 617",314626,"Plate"
158.54,0.00160,"Qualified",,24817.65,"CapPass","90% Nf: Cycle 3100-3101",3100,73710,"4-1-1","Alloy 617",314626,"Plate"
155.01,0.00158,"Qualified",,24817.68,"CapPass","90% Nf: Cycle 3100-3101",3100,73711,"4-1-1","Alloy 617",314626,"Plate"
151.32,0.00155,"Qualified",,24817.71,"CapPass","90% Nf: Cycle 3100-3101",3100,73712,"4-1-1","Alloy 617",314626,"Plate"
147.46,0.00153,"Qualified",,24817.74,"CapPass","90% Nf: Cycle 3100-3101",3100,73713,"4-1-1","Alloy 617",314626,"Plate"
143.69,0.00150,"Qualified",,24817.77,"CapPass","90% Nf: Cycle 3100-3101",3100,73714,"4-1-1","Alloy 617",314626,"Plate"
139.90,0.00147,"Qualified",,24817.80,"CapPass","90% Nf: Cycle 3100-3101",3100,73715,"4-1-1","Alloy 617",314626,"Plate"
136.43,0.00145,"Qualified",,24817.82,"CapPass","90% Nf: Cycle 3100-3101",3100,73716,"4-1-1","Alloy 617",314626,"Plate"
133.02,0.00142,"Qualified",,24817.85,"CapPass","90% Nf: Cycle 3100-3101",3100,73717,"4-1-1","Alloy 617",314626,"Plate"
131.72,0.00141,"Qualified",,24817.86,"CapPass","90% Nf: Cycle 3100-3101",3100,73718,"4-1-1","Alloy 617",314626,"Plate"
129.27,0.00140,"Qualified",,24817.88,"CapPass","90% Nf: Cycle 3100-3101",3100,73719,"4-1-1","Alloy 617",314626,"Plate"
125.89,0.00137,"Qualified",,24817.90,"CapPass","90% Nf: Cycle 3100-3101",3100,73720,"4-1-1","Alloy 617",314626,"Plate"
122.25,0.00135,"Qualified",,24817.93,"CapPass","90% Nf: Cycle 3100-3101",3100,73721,"4-1-1","Alloy 617",314626,"Plate"
118.58,0.00132,"Qualified",,24817.96,"CapPass","90% Nf: Cycle 3100-3101",3100,73722,"4-1-1","Alloy 617",314626,"Plate"
115.25,0.00130,"Qualified",,24817.98,"CapPass","90% Nf: Cycle 3100-3101",3100,73723,"4-1-1","Alloy 617",314626,"Plate"
111.32,0.00127,"Qualified",,24818.01,"CapPass","90% Nf: Cycle 3100-3101",3100,73724,"4-1-1","Alloy 617",314626,"Plate"
107.71,0.00125,"Qualified",,24818.04,"CapPass","90% Nf: Cycle 3100-3101",3100,73725,"4-1-1","Alloy 617",314626,"Plate"
104.05,0.00122,"Qualified",,24818.06,"CapPass","90% Nf: Cycle 3100-3101",3100,73726,"4-1-1","Alloy 617",314626,"Plate"
100.28,0.00120,"Qualified",,24818.09,"CapPass","90% Nf: Cycle 3100-3101",3100,73727,"4-1-1","Alloy 617",314626,"Plate"
96.49,0.00117,"Qualified",,24818.12,"CapPass","90% Nf: Cycle 3100-3101",3100,73728,"4-1-1","Alloy 617",314626,"Plate"
92.84,0.00114,"Qualified",,24818.15,"CapPass","90% Nf: Cycle 3100-3101",3100,73729,"4-1-1","Alloy 617",314626,"Plate"
89.22,0.00112,"Qualified",,24818.18,"CapPass","90% Nf: Cycle 3100-3101",3100,73730,"4-1-1","Alloy 617",314626,"Plate"
85.51,0.00109,"Qualified",,24818.20,"CapPass","90% Nf: Cycle 3100-3101",3100,73731,"4-1-1","Alloy 617",314626,"Plate"
81.53,0.00107,"Qualified",,24818.23,"CapPass","90% Nf: Cycle 3100-3101",3100,73732,"4-1-1","Alloy 617",314626,"Plate"
77.77,0.00104,"Qualified",,24818.26,"CapPass","90% Nf: Cycle 3100-3101",3100,73733,"4-1-1","Alloy 617",314626,"Plate"
73.63,0.00102,"Qualified",,24818.29,"CapPass","90% Nf: Cycle 3100-3101",3100,73734,"4-1-1","Alloy 617",314626,"Plate"
69.68,0.00099,"Qualified",,24818.32,"CapPass","90% Nf: Cycle 3100-3101",3100,73735,"4-1-1","Alloy 617",314626,"Plate"
65.99,0.00097,"Qualified",,24818.34,"CapPass","90% Nf: Cycle 3100-3101",3100,73736,"4-1-1","Alloy 617",314626,"Plate"
61.87,0.00094,"Qualified",,24818.37,"CapPass","90% Nf: Cycle 3100-3101",3100,73737,"4-1-1","Alloy 617",314626,"Plate"
58.03,0.00092,"Qualified",,24818.40,"CapPass","90% Nf: Cycle 3100-3101",3100,73738,"4-1-1","Alloy 617",314626,"Plate"
54.40,0.00089,"Qualified",,24818.42,"CapPass","90% Nf: Cycle 3100-3101",3100,73739,"4-1-1","Alloy 617",314626,"Plate"
50.80,0.00087,"Qualified",,24818.45,"CapPass","90% Nf: Cycle 3100-3101",3100,73740,"4-1-1","Alloy 617",314626,"Plate"
47.12,0.00084,"Qualified",,24818.47,"CapPass","90% Nf: Cycle 3100-3101",3100,73741,"4-1-1","Alloy 617",314626,"Plate"
43.58,0.00081,"Qualified",,24818.50,"CapPass","90% Nf: Cycle 3100-3101",3100,73742,"4-1-1","Alloy 617",314626,"Plate"
40.00,0.00079,"Qualified",,24818.52,"CapPass","90% Nf: Cycle 3100-3101",3100,73743,"4-1-1","Alloy 617",314626,"Plate"
36.45,0.00076,"Qualified",,24818.55,"CapPass","90% Nf: Cycle 3100-3101",3100,73744,"4-1-1","Alloy 617",314626,"Plate"
32.73,0.00074,"Qualified",,24818.58,"CapPass","90% Nf: Cycle 3100-3101",3100,73745,"4-1-1","Alloy 617",314626,"Plate"
29.26,0.00071,"Qualified",,24818.60,"CapPass","90% Nf: Cycle 3100-3101",3100,73746,"4-1-1","Alloy 617",314626,"Plate"
25.63,0.00069,"Qualified",,24818.63,"CapPass","90% Nf: Cycle 3100-3101",3100,73747,"4-1-1","Alloy 617",314626,"Plate"
22.26,0.00066,"Qualified",,24818.66,"CapPass","90% Nf: Cycle 3100-3101",3100,73748,"4-1-1","Alloy 617",314626,"Plate"
18.76,0.00064,"Qualified",,24818.69,"CapPass","90% Nf: Cycle 3100-3101",3100,73749,"4-1-1","Alloy 617",314626,"Plate"
15.04,0.00061,"Qualified",,24818.71,"CapPass","90% Nf: Cycle 3100-3101",3100,73750,"4-1-1","Alloy 617",314626,"Plate"
11.52,0.00059,"Qualified",,24818.74,"CapPass","90% Nf: Cycle 3100-3101",3100,73751,"4-1-1","Alloy 617",314626,"Plate"
8.08,0.00056,"Qualified",,24818.77,"CapPass","90% Nf: Cycle 3100-3101",3100,73752,"4-1-1","Alloy 617",314626,"Plate"
4.38,0.00054,"Qualified",,24818.80,"CapPass","90% Nf: Cycle 3100-3101",3100,73753,"4-1-1","Alloy 617",314626,"Plate"
0.99,0.00051,"Qualified",,24818.82,"CapPass","90% Nf: Cycle 3100-3101",3100,73754,"4-1-1","Alloy 617",314626,"Plate"
-2.39,0.00048,"Qualified",,24818.85,"CapPass","90% Nf: Cycle 3100-3101",3100,73755,"4-1-1","Alloy 617",314626,"Plate"
-3.63,0.00047,"Qualified",,24818.86,"CapPass","90% Nf: Cycle 3100-3101",3100,73756,"4-1-1","Alloy 617",314626,"Plate"
-5.92,0.00046,"Qualified",,24818.88,"CapPass","90% Nf: Cycle 3100-3101",3100,73757,"4-1-1","Alloy 617",314626,"Plate"
-9.07,0.00043,"Qualified",,24818.90,"CapPass","90% Nf: Cycle 3100-3101",3100,73758,"4-1-1","Alloy 617",314626,"Plate"
-12.34,0.00041,"Qualified",,24818.93,"CapPass","90% Nf: Cycle 3100-3101",3100,73759,"4-1-1","Alloy 617",314626,"Plate"
-15.69,0.00038,"Qualified",,24818.96,"CapPass","90% Nf: Cycle 3100-3101",3100,73760,"4-1-1","Alloy 617",314626,"Plate"
-18.50,0.00036,"Qualified",,24818.99,"CapPass","90% Nf: Cycle 3100-3101",3100,73761,"4-1-1","Alloy 617",314626,"Plate"
-21.00,0.00033,"Qualified",,24819.05,"CapPass","90% Nf: Cycle 3100-3101",3100,73762,"4-1-1","Alloy 617",314626,"Plate"
-23.31,0.00031,"Qualified",,24819.13,"CapPass","90% Nf: Cycle 3100-3101",3100,73763,"4-1-1","Alloy 617",314626,"Plate"
-26.81,0.00028,"Qualified",,24819.18,"CapPass","90% Nf: Cycle 3100-3101",3100,73764,"4-1-1","Alloy 617",314626,"Plate"
-29.97,0.00026,"Qualified",,24819.21,"CapPass","90% Nf: Cycle 3100-3101",3100,73765,"4-1-1","Alloy 617",314626,"Plate"
-33.02,0.00023,"Qualified",,24819.23,"CapPass","90% Nf: Cycle 3100-3101",3100,73766,"4-1-1","Alloy 617",314626,"Plate"
-36.07,0.00021,"Qualified",,24819.26,"CapPass","90% Nf: Cycle 3100-3101",3100,73767,"4-1-1","Alloy 617",314626,"Plate"
-39.27,0.00018,"Qualified",,24819.28,"CapPass","90% Nf: Cycle 3100-3101",3100,73768,"4-1-1","Alloy 617",314626,"Plate"
-42.46,0.00016,"Qualified",,24819.31,"CapPass","90% Nf: Cycle 3100-3101",3100,73769,"4-1-1","Alloy 617",314626,"Plate"
-46.19,0.00013,"Qualified",,24819.33,"CapPass","90% Nf: Cycle 3100-3101",3100,73770,"4-1-1","Alloy 617",314626,"Plate"
-50.29,0.00010,"Qualified",,24819.35,"CapPass","90% Nf: Cycle 3100-3101",3100,73771,"4-1-1","Alloy 617",314626,"Plate"
-53.56,0.00008,"Qualified",,24819.36,"CapPass","90% Nf: Cycle 3100-3101",3100,73772,"4-1-1","Alloy 617",314626,"Plate"
-56.79,0.00005,"Qualified",,24819.38,"CapPass","90% Nf: Cycle 3100-3101",3100,73773,"4-1-1","Alloy 617",314626,"Plate"
-59.99,0.00003,"Qualified",,24819.39,"CapPass","90% Nf: Cycle 3100-3101",3100,73774,"4-1-1","Alloy 617",314626,"Plate"
-63.06,0.00000,"Qualified",,24819.41,"CapPass","90% Nf: Cycle 3100-3101",3100,73775,"4-1-1","Alloy 617",314626,"Plate"
-65.95,-0.00003,"Qualified",,24819.43,"CapPass","90% Nf: Cycle 3100-3101",3100,73776,"4-1-1","Alloy 617",314626,"Plate"
-68.93,-0.00005,"Qualified",,24819.45,"CapPass","90% Nf: Cycle 3100-3101",3100,73777,"4-1-1","Alloy 617",314626,"Plate"
-72.48,-0.00008,"Qualified",,24819.47,"CapPass","90% Nf: Cycle 3100-3101",3100,73778,"4-1-1","Alloy 617",314626,"Plate"
-75.73,-0.00010,"Qualified",,24819.49,"CapPass","90% Nf: Cycle 3100-3101",3100,73779,"4-1-1","Alloy 617",314626,"Plate"
-79.37,-0.00013,"Qualified",,24819.51,"CapPass","90% Nf: Cycle 3100-3101",3100,73780,"4-1-1","Alloy 617",314626,"Plate"
-82.66,-0.00015,"Qualified",,24819.53,"CapPass","90% Nf: Cycle 3100-3101",3100,73781,"4-1-1","Alloy 617",314626,"Plate"
-86.09,-0.00018,"Qualified",,24819.55,"CapPass","90% Nf: Cycle 3100-3101",3100,73782,"4-1-1","Alloy 617",314626,"Plate"
-89.41,-0.00020,"Qualified",,24819.57,"CapPass","90% Nf: Cycle 3100-3101",3100,73783,"4-1-1","Alloy 617",314626,"Plate"
-92.86,-0.00023,"Qualified",,24819.59,"CapPass","90% Nf: Cycle 3100-3101",3100,73784,"4-1-1","Alloy 617",314626,"Plate"
-96.10,-0.00026,"Qualified",,24819.60,"CapPass","90% Nf: Cycle 3100-3101",3100,73785,"4-1-1","Alloy 617",314626,"Plate"
-99.39,-0.00028,"Qualified",,24819.62,"CapPass","90% Nf: Cycle 3100-3101",3100,73786,"4-1-1","Alloy 617",314626,"Plate"
-102.72,-0.00031,"Qualified",,24819.65,"CapPass","90% Nf: Cycle 3100-3101",3100,73787,"4-1-1","Alloy 617",314626,"Plate"
-105.79,-0.00033,"Qualified",,24819.67,"CapPass","90% Nf: Cycle 3100-3101",3100,73788,"4-1-1","Alloy 617",314626,"Plate"
-109.01,-0.00036,"Qualified",,24819.69,"CapPass","90% Nf: Cycle 3100-3101",3100,73789,"4-1-1","Alloy 617",314626,"Plate"
-112.06,-0.00038,"Qualified",,24819.71,"CapPass","90% Nf: Cycle 3100-3101",3100,73790,"4-1-1","Alloy 617",314626,"Plate"
-114.95,-0.00041,"Qualified",,24819.74,"CapPass","90% Nf: Cycle 3100-3101",3100,73791,"4-1-1","Alloy 617",314626,"Plate"
-118.16,-0.00044,"Qualified",,24819.76,"CapPass","90% Nf: Cycle 3100-3101",3100,73792,"4-1-1","Alloy 617",314626,"Plate"
-121.18,-0.00046,"Qualified",,24819.79,"CapPass","90% Nf: Cycle 3100-3101",3100,73793,"4-1-1","Alloy 617",314626,"Plate"
-123.72,-0.00049,"Qualified",,24819.81,"CapPass","90% Nf: Cycle 3100-3101",3100,73794,"4-1-1","Alloy 617",314626,"Plate"
-126.48,-0.00051,"Qualified",,24819.84,"CapPass","90% Nf: Cycle 3100-3101",3100,73795,"4-1-1","Alloy 617",314626,"Plate"
-128.98,-0.00054,"Qualified",,24819.86,"CapPass","90% Nf: Cycle 3100-3101",3100,73796,"4-1-1","Alloy 617",314626,"Plate"
-129.26,-0.00054,"Qualified",,24819.86,"CapPass","90% Nf: Cycle 3100-3101",3100,73797,"4-1-1","Alloy 617",314626,"Plate"
-131.81,-0.00056,"Qualified",,24819.89,"CapPass","90% Nf: Cycle 3100-3101",3100,73798,"4-1-1","Alloy 617",314626,"Plate"
-134.50,-0.00059,"Qualified",,24819.91,"CapPass","90% Nf: Cycle 3100-3101",3100,73799,"4-1-1","Alloy 617",314626,"Plate"
-137.08,-0.00061,"Qualified",,24819.94,"CapPass","90% Nf: Cycle 3100-3101",3100,73800,"4-1-1","Alloy 617",314626,"Plate"
-139.97,-0.00064,"Qualified",,24819.97,"CapPass","90% Nf: Cycle 3100-3101",3100,73801,"4-1-1","Alloy 617",314626,"Plate"
-142.63,-0.00067,"Qualified",,24819.99,"CapPass","90% Nf: Cycle 3100-3101",3100,73802,"4-1-1","Alloy 617",314626,"Plate"
-145.54,-0.00069,"Qualified",,24820.02,"CapPass","90% Nf: Cycle 3100-3101",3100,73803,"4-1-1","Alloy 617",314626,"Plate"
-148.15,-0.00072,"Qualified",,24820.05,"CapPass","90% Nf: Cycle 3100-3101",3100,73804,"4-1-1","Alloy 617",314626,"Plate"
-151.13,-0.00074,"Qualified",,24820.08,"CapPass","90% Nf: Cycle 3100-3101",3100,73805,"4-1-1","Alloy 617",314626,"Plate"
-153.87,-0.00077,"Qualified",,24820.10,"CapPass","90% Nf: Cycle 3100-3101",3100,73806,"4-1-1","Alloy 617",314626,"Plate"
-156.72,-0.00079,"Qualified",,24820.13,"CapPass","90% Nf: Cycle 3100-3101",3100,73807,"4-1-1","Alloy 617",314626,"Plate"
-159.19,-0.00082,"Qualified",,24820.15,"CapPass","90% Nf: Cycle 3100-3101",3100,73808,"4-1-1","Alloy 617",314626,"Plate"
-161.92,-0.00084,"Qualified",,24820.18,"CapPass","90% Nf: Cycle 3100-3101",3100,73809,"4-1-1","Alloy 617",314626,"Plate"
-164.43,-0.00087,"Qualified",,24820.20,"CapPass","90% Nf: Cycle 3100-3101",3100,73810,"4-1-1","Alloy 617",314626,"Plate"
-166.10,-0.00090,"Qualified",,24820.22,"CapPass","90% Nf: Cycle 3100-3101",3100,73811,"4-1-1","Alloy 617",314626,"Plate"
-168.81,-0.00092,"Qualified",,24820.25,"CapPass","90% Nf: Cycle 3100-3101",3100,73812,"4-1-1","Alloy 617",314626,"Plate"
-171.20,-0.00095,"Qualified",,24820.27,"CapPass","90% Nf: Cycle 3100-3101",3100,73813,"4-1-1","Alloy 617",314626,"Plate"
-173.28,-0.00097,"Qualified",,24820.30,"CapPass","90% Nf: Cycle 3100-3101",3100,73814,"4-1-1","Alloy 617",314626,"Plate"
-175.13,-0.00100,"Qualified",,24820.32,"CapPass","90% Nf: Cycle 3100-3101",3100,73815,"4-1-1","Alloy 617",314626,"Plate"
-177.51,-0.00102,"Qualified",,24820.35,"CapPass","90% Nf: Cycle 3100-3101",3100,73816,"4-1-1","Alloy 617",314626,"Plate"
-179.54,-0.00105,"Qualified",,24820.38,"CapPass","90% Nf: Cycle 3100-3101",3100,73817,"4-1-1","Alloy 617",314626,"Plate"
-182.25,-0.00107,"Qualified",,24820.41,"CapPass","90% Nf: Cycle 3100-3101",3100,73818,"4-1-1","Alloy 617",314626,"Plate"
-183.76,-0.00110,"Qualified",,24820.43,"CapPass","90% Nf: Cycle 3100-3101",3100,73819,"4-1-1","Alloy 617",314626,"Plate"
-184.93,-0.00113,"Qualified",,24820.44,"CapPass","90% Nf: Cycle 3100-3101",3100,73820,"4-1-1","Alloy 617",314626,"Plate"
-186.84,-0.00115,"Qualified",,24820.47,"CapPass","90% Nf: Cycle 3100-3101",3100,73821,"4-1-1","Alloy 617",314626,"Plate"
-188.22,-0.00118,"Qualified",,24820.49,"CapPass","90% Nf: Cycle 3100-3101",3100,73822,"4-1-1","Alloy 617",314626,"Plate"
-189.94,-0.00120,"Qualified",,24820.52,"CapPass","90% Nf: Cycle 3100-3101",3100,73823,"4-1-1","Alloy 617",314626,"Plate"
-191.62,-0.00123,"Qualified",,24820.55,"CapPass","90% Nf: Cycle 3100-3101",3100,73824,"4-1-1","Alloy 617",314626,"Plate"
-192.90,-0.00125,"Qualified",,24820.57,"CapPass","90% Nf: Cycle 3100-3101",3100,73825,"4-1-1","Alloy 617",314626,"Plate"
-194.84,-0.00128,"Qualified",,24820.61,"CapPass","90% Nf: Cycle 3100-3101",3100,73826,"4-1-1","Alloy 617",314626,"Plate"
-196.88,-0.00130,"Qualified",,24820.64,"CapPass","90% Nf: Cycle 3100-3101",3100,73827,"4-1-1","Alloy 617",314626,"Plate"
-197.37,-0.00133,"Qualified",,24820.65,"CapPass","90% Nf: Cycle 3100-3101",3100,73828,"4-1-1","Alloy 617",314626,"Plate"
-197.78,-0.00136,"Qualified",,24820.66,"CapPass","90% Nf: Cycle 3100-3101",3100,73829,"4-1-1","Alloy 617",314626,"Plate"
-198.78,-0.00138,"Qualified",,24820.68,"CapPass","90% Nf: Cycle 3100-3101",3100,73830,"4-1-1","Alloy 617",314626,"Plate"
-199.43,-0.00141,"Qualified",,24820.70,"CapPass","90% Nf: Cycle 3100-3101",3100,73831,"4-1-1","Alloy 617",314626,"Plate"
-200.47,-0.00144,"Qualified",,24820.73,"CapPass","90% Nf: Cycle 3100-3101",3100,73832,"4-1-1","Alloy 617",314626,"Plate"
-201.67,-0.00146,"Qualified",,24820.77,"CapPass","90% Nf: Cycle 3100-3101",3100,73833,"4-1-1","Alloy 617",314626,"Plate"
-202.85,-0.00149,"Qualified",,24820.81,"CapPass","90% Nf: Cycle 3100-3101",3100,73834,"4-1-1","Alloy 617",314626,"Plate"
-203.71,-0.00151,"Qualified",,24820.83,"CapPass","90% Nf: Cycle 3100-3101",3100,73835,"4-1-1","Alloy 617",314626,"Plate"
-205.23,-0.00153,"Qualified",,24820.86,"CapPass","90% Nf: Cycle 3100-3101",3100,73836,"4-1-1","Alloy 617",314626,"Plate"
-205.55,-0.00154,"Qualified",,24820.86,"CapPass","90% Nf: Cycle 3100-3101",3100,73837,"4-1-1","Alloy 617",314626,"Plate"
-206.49,-0.00156,"Qualified",,24820.88,"CapPass","90% Nf: Cycle 3100-3101",3100,73838,"4-1-1","Alloy 617",314626,"Plate"
-207.70,-0.00159,"Qualified",,24820.91,"CapPass","90% Nf: Cycle 3100-3101",3100,73839,"4-1-1","Alloy 617",314626,"Plate"
-208.83,-0.00161,"Qualified",,24820.94,"CapPass","90% Nf: Cycle 3100-3101",3100,73840,"4-1-1","Alloy 617",314626,"Plate"
-208.89,-0.00164,"Qualified",,24820.95,"CapPass","90% Nf: Cycle 3100-3101",3100,73841,"4-1-1","Alloy 617",314626,"Plate"
-209.54,-0.00167,"Qualified",,24820.97,"CapPass","90% Nf: Cycle 3100-3101",3100,73842,"4-1-1","Alloy 617",314626,"Plate"
-209.97,-0.00169,"Qualified",,24820.98,"CapPass","90% Nf: Cycle 3100-3101",3100,73843,"4-1-1","Alloy 617",314626,"Plate"
-210.33,-0.00172,"Qualified",,24820.99,"CapPass","90% Nf: Cycle 3100-3101",3100,73844,"4-1-1","Alloy 617",314626,"Plate"
-210.47,-0.00174,"Qualified",,24821.01,"CapPass","90% Nf: Cycle 3100-3101",3100,73845,"4-1-1","Alloy 617",314626,"Plate"
-210.39,-0.00177,"Qualified",,24821.01,"CapPass","90% Nf: Cycle 3100-3101",3100,73846,"4-1-1","Alloy 617",314626,"Plate"
-210.41,-0.00180,"Qualified",,24821.02,"CapPass","90% Nf: Cycle 3100-3101",3100,73847,"4-1-1","Alloy 617",314626,"Plate"
-209.27,-0.00183,"Qualified",,24821.05,"CapPass","90% Nf: Cycle 3100-3101",3100,73848,"4-1-1","Alloy 617",314626,"Plate"
-205.63,-0.00185,"Qualified",,24821.22,"CapPass","90% Nf: Cycle 3100-3101",3100,73849,"4-1-1","Alloy 617",314626,"Plate"
-208.17,-0.00188,"Qualified",,24821.25,"CapPass","90% Nf: Cycle 3100-3101",3100,73850,"4-1-1","Alloy 617",314626,"Plate"
-210.55,-0.00190,"Qualified",,24821.27,"CapPass","90% Nf: Cycle 3100-3101",3100,73851,"4-1-1","Alloy 617",314626,"Plate"
-212.28,-0.00193,"Qualified",,24821.30,"CapPass","90% Nf: Cycle 3100-3101",3100,73852,"4-1-1","Alloy 617",314626,"Plate"
-203.37,-0.00190,"Qualified",,24821.40,"CapPass","90% Nf: Cycle 3100-3101",3100,73853,"4-1-1","Alloy 617",314626,"Plate"
-198.64,-0.00188,"Qualified",,24821.43,"CapPass","90% Nf: Cycle 3100-3101",3100,73854,"4-1-1","Alloy 617",314626,"Plate"
-194.16,-0.00185,"Qualified",,24821.44,"CapPass","90% Nf: Cycle 3100-3101",3100,73855,"4-1-1","Alloy 617",314626,"Plate"
-189.79,-0.00183,"Qualified",,24821.46,"CapPass","90% Nf: Cycle 3100-3101",3100,73856,"4-1-1","Alloy 617",314626,"Plate"
-185.53,-0.00180,"Qualified",,24821.48,"CapPass","90% Nf: Cycle 3100-3101",3100,73857,"4-1-1","Alloy 617",314626,"Plate"
-181.31,-0.00177,"Qualified",,24821.50,"CapPass","90% Nf: Cycle 3100-3101",3100,73858,"4-1-1","Alloy 617",314626,"Plate"
-177.07,-0.00175,"Qualified",,24821.52,"CapPass","90% Nf: Cycle 3100-3101",3100,73859,"4-1-1","Alloy 617",314626,"Plate"
-172.85,-0.00172,"Qualified",,24821.54,"CapPass","90% Nf: Cycle 3100-3101",3100,73860,"4-1-1","Alloy 617",314626,"Plate"
-168.49,-0.00170,"Qualified",,24821.56,"CapPass","90% Nf: Cycle 3100-3101",3100,73861,"4-1-1","Alloy 617",314626,"Plate"
-163.97,-0.00167,"Qualified",,24821.59,"CapPass","90% Nf: Cycle 3100-3101",3100,73862,"4-1-1","Alloy 617",314626,"Plate"
-160.30,-0.00165,"Qualified",,24821.61,"CapPass","90% Nf: Cycle 3100-3101",3100,73863,"4-1-1","Alloy 617",314626,"Plate"
-156.30,-0.00162,"Qualified",,24821.64,"CapPass","90% Nf: Cycle 3100-3101",3100,73864,"4-1-1","Alloy 617",314626,"Plate"
-151.67,-0.00160,"Qualified",,24821.67,"CapPass","90% Nf: Cycle 3100-3101",3100,73865,"4-1-1","Alloy 617",314626,"Plate"
-146.79,-0.00157,"Qualified",,24821.70,"CapPass","90% Nf: Cycle 3100-3101",3100,73866,"4-1-1","Alloy 617",314626,"Plate"
-142.32,-0.00155,"Qualified",,24821.73,"CapPass","90% Nf: Cycle 3100-3101",3100,73867,"4-1-1","Alloy 617",314626,"Plate"
-137.86,-0.00152,"Qualified",,24821.76,"CapPass","90% Nf: Cycle 3100-3101",3100,73868,"4-1-1","Alloy 617",314626,"Plate"
-133.57,-0.00149,"Qualified",,24821.79,"CapPass","90% Nf: Cycle 3100-3101",3100,73869,"4-1-1","Alloy 617",314626,"Plate"
-129.52,-0.00147,"Qualified",,24821.81,"CapPass","90% Nf: Cycle 3100-3101",3100,73870,"4-1-1","Alloy 617",314626,"Plate"
-125.25,-0.00144,"Qualified",,24821.84,"CapPass","90% Nf: Cycle 3100-3101",3100,73871,"4-1-1","Alloy 617",314626,"Plate"
-122.54,-0.00143,"Qualified",,24821.86,"CapPass","90% Nf: Cycle 3100-3101",3100,73872,"4-1-1","Alloy 617",314626,"Plate"
-120.88,-0.00142,"Qualified",,24821.87,"CapPass","90% Nf: Cycle 3100-3101",3100,73873,"4-1-1","Alloy 617",314626,"Plate"
-116.16,-0.00139,"Qualified",,24821.90,"CapPass","90% Nf: Cycle 3100-3101",3100,73874,"4-1-1","Alloy 617",314626,"Plate"
-111.70,-0.00137,"Qualified",,24821.93,"CapPass","90% Nf: Cycle 3100-3101",3100,73875,"4-1-1","Alloy 617",314626,"Plate"
-107.67,-0.00134,"Qualified",,24821.95,"CapPass","90% Nf: Cycle 3100-3101",3100,73876,"4-1-1","Alloy 617",314626,"Plate"
-103.41,-0.00132,"Qualified",,24821.98,"CapPass","90% Nf: Cycle 3100-3101",3100,73877,"4-1-1","Alloy 617",314626,"Plate"
-99.36,-0.00129,"Qualified",,24822.01,"CapPass","90% Nf: Cycle 3100-3101",3100,73878,"4-1-1","Alloy 617",314626,"Plate"
-95.53,-0.00126,"Qualified",,24822.03,"CapPass","90% Nf: Cycle 3100-3101",3100,73879,"4-1-1","Alloy 617",314626,"Plate"
-91.76,-0.00124,"Qualified",,24822.06,"CapPass","90% Nf: Cycle 3100-3101",3100,73880,"4-1-1","Alloy 617",314626,"Plate"
-88.22,-0.00121,"Qualified",,24822.08,"CapPass","90% Nf: Cycle 3100-3101",3100,73881,"4-1-1","Alloy 617",314626,"Plate"
-84.32,-0.00119,"Qualified",,24822.11,"CapPass","90% Nf: Cycle 3100-3101",3100,73882,"4-1-1","Alloy 617",314626,"Plate"
-80.06,-0.00116,"Qualified",,24822.13,"CapPass","90% Nf: Cycle 3100-3101",3100,73883,"4-1-1","Alloy 617",314626,"Plate"
-76.47,-0.00114,"Qualified",,24822.16,"CapPass","90% Nf: Cycle 3100-3101",3100,73884,"4-1-1","Alloy 617",314626,"Plate"
-72.62,-0.00111,"Qualified",,24822.19,"CapPass","90% Nf: Cycle 3100-3101",3100,73885,"4-1-1","Alloy 617",314626,"Plate"
-68.52,-0.00109,"Qualified",,24822.22,"CapPass","90% Nf: Cycle 3100-3101",3100,73886,"4-1-1","Alloy 617",314626,"Plate"
-64.92,-0.00106,"Qualified",,24822.24,"CapPass","90% Nf: Cycle 3100-3101",3100,73887,"4-1-1","Alloy 617",314626,"Plate"
-61.50,-0.00103,"Qualified",,24822.27,"CapPass","90% Nf: Cycle 3100-3101",3100,73888,"4-1-1","Alloy 617",314626,"Plate"
-58.00,-0.00101,"Qualified",,24822.29,"CapPass","90% Nf: Cycle 3100-3101",3100,73889,"4-1-1","Alloy 617",314626,"Plate"
-54.22,-0.00098,"Qualified",,24822.32,"CapPass","90% Nf: Cycle 3100-3101",3100,73890,"4-1-1","Alloy 617",314626,"Plate"
-50.52,-0.00096,"Qualified",,24822.35,"CapPass","90% Nf: Cycle 3100-3101",3100,73891,"4-1-1","Alloy 617",314626,"Plate"
-47.43,-0.00093,"Qualified",,24822.37,"CapPass","90% Nf: Cycle 3100-3101",3100,73892,"4-1-1","Alloy 617",314626,"Plate"
-43.07,-0.00091,"Qualified",,24822.40,"CapPass","90% Nf: Cycle 3100-3101",3100,73893,"4-1-1","Alloy 617",314626,"Plate"
-39.90,-0.00088,"Qualified",,24822.43,"CapPass","90% Nf: Cycle 3100-3101",3100,73894,"4-1-1","Alloy 617",314626,"Plate"
-36.40,-0.00085,"Qualified",,24822.45,"CapPass","90% Nf: Cycle 3100-3101",3100,73895,"4-1-1","Alloy 617",314626,"Plate"
-33.18,-0.00083,"Qualified",,24822.48,"CapPass","90% Nf: Cycle 3100-3101",3100,73896,"4-1-1","Alloy 617",314626,"Plate"
-29.59,-0.00080,"Qualified",,24822.51,"CapPass","90% Nf: Cycle 3100-3101",3100,73897,"4-1-1","Alloy 617",314626,"Plate"
-26.00,-0.00078,"Qualified",,24822.54,"CapPass","90% Nf: Cycle 3100-3101",3100,73898,"4-1-1","Alloy 617",314626,"Plate"
-22.57,-0.00075,"Qualified",,24822.56,"CapPass","90% Nf: Cycle 3100-3101",3100,73899,"4-1-1","Alloy 617",314626,"Plate"
-19.61,-0.00073,"Qualified",,24822.59,"CapPass","90% Nf: Cycle 3100-3101",3100,73900,"4-1-1","Alloy 617",314626,"Plate"
-16.58,-0.00070,"Qualified",,24822.61,"CapPass","90% Nf: Cycle 3100-3101",3100,73901,"4-1-1","Alloy 617",314626,"Plate"
-13.10,-0.00067,"Qualified",,24822.64,"CapPass","90% Nf: Cycle 3100-3101",3100,73902,"4-1-1","Alloy 617",314626,"Plate"
-9.89,-0.00065,"Qualified",,24822.67,"CapPass","90% Nf: Cycle 3100-3101",3100,73903,"4-1-1","Alloy 617",314626,"Plate"
-6.13,-0.00062,"Qualified",,24822.70,"CapPass","90% Nf: Cycle 3100-3101",3100,73904,"4-1-1","Alloy 617",314626,"Plate"
-2.45,-0.00060,"Qualified",,24822.73,"CapPass","90% Nf: Cycle 3100-3101",3100,73905,"4-1-1","Alloy 617",314626,"Plate"
1.03,-0.00057,"Qualified",,24822.76,"CapPass","90% Nf: Cycle 3100-3101",3100,73906,"4-1-1","Alloy 617",314626,"Plate"
4.25,-0.00055,"Qualified",,24822.78,"CapPass","90% Nf: Cycle 3100-3101",3100,73907,"4-1-1","Alloy 617",314626,"Plate"
7.85,-0.00052,"Qualified",,24822.81,"CapPass","90% Nf: Cycle 3100-3101",3100,73908,"4-1-1","Alloy 617",314626,"Plate"
11.32,-0.00050,"Qualified",,24822.84,"CapPass","90% Nf: Cycle 3100-3101",3100,73909,"4-1-1","Alloy 617",314626,"Plate"
14.20,-0.00047,"Qualified",,24822.86,"CapPass","90% Nf: Cycle 3100-3101",3100,73910,"4-1-1","Alloy 617",314626,"Plate"
14.33,-0.00047,"Qualified",,24822.86,"CapPass","90% Nf: Cycle 3100-3101",3100,73911,"4-1-1","Alloy 617",314626,"Plate"
17.93,-0.00045,"Qualified",,24822.89,"CapPass","90% Nf: Cycle 3100-3101",3100,73912,"4-1-1","Alloy 617",314626,"Plate"
21.44,-0.00042,"Qualified",,24822.92,"CapPass","90% Nf: Cycle 3100-3101",3100,73913,"4-1-1","Alloy 617",314626,"Plate"
24.32,-0.00039,"Qualified",,24822.94,"CapPass","90% Nf: Cycle 3100-3101",3100,73914,"4-1-1","Alloy 617",314626,"Plate"
26.93,-0.00037,"Qualified",,24822.98,"CapPass","90% Nf: Cycle 3100-3101",3100,73915,"4-1-1","Alloy 617",314626,"Plate"
30.02,-0.00034,"Qualified",,24823.03,"CapPass","90% Nf: Cycle 3100-3101",3100,73916,"4-1-1","Alloy 617",314626,"Plate"
33.03,-0.00032,"Qualified",,24823.07,"CapPass","90% Nf: Cycle 3100-3101",3100,73917,"4-1-1","Alloy 617",314626,"Plate"
36.60,-0.00029,"Qualified",,24823.10,"CapPass","90% Nf: Cycle 3100-3101",3100,73918,"4-1-1","Alloy 617",314626,"Plate"
40.25,-0.00027,"Qualified",,24823.12,"CapPass","90% Nf: Cycle 3100-3101",3100,73919,"4-1-1","Alloy 617",314626,"Plate"
43.89,-0.00024,"Qualified",,24823.14,"CapPass","90% Nf: Cycle 3100-3101",3100,73920,"4-1-1","Alloy 617",314626,"Plate"
46.89,-0.00022,"Qualified",,24823.16,"CapPass","90% Nf: Cycle 3100-3101",3100,73921,"4-1-1","Alloy 617",314626,"Plate"
49.99,-0.00019,"Qualified",,24823.18,"CapPass","90% Nf: Cycle 3100-3101",3100,73922,"4-1-1","Alloy 617",314626,"Plate"
53.27,-0.00017,"Qualified",,24823.21,"CapPass","90% Nf: Cycle 3100-3101",3100,73923,"4-1-1","Alloy 617",314626,"Plate"
56.35,-0.00014,"Qualified",,24823.24,"CapPass","90% Nf: Cycle 3100-3101",3101,73924,"4-1-1","Alloy 617",314626,"Plate"
59.41,-0.00011,"Qualified",,24823.27,"CapPass","90% Nf: Cycle 3100-3101",3101,73925,"4-1-1","Alloy 617",314626,"Plate"
62.60,-0.00009,"Qualified",,24823.31,"CapPass","90% Nf: Cycle 3100-3101",3101,73926,"4-1-1","Alloy 617",314626,"Plate"
65.66,-0.00006,"Qualified",,24823.35,"CapPass","90% Nf: Cycle 3100-3101",3101,73927,"4-1-1","Alloy 617",314626,"Plate"
68.44,-0.00004,"Qualified",,24823.37,"CapPass","90% Nf: Cycle 3100-3101",3101,73928,"4-1-1","Alloy 617",314626,"Plate"
71.41,-0.00001,"Qualified",,24823.40,"CapPass","90% Nf: Cycle 3100-3101",3101,73929,"4-1-1","Alloy 617",314626,"Plate"
74.30,0.00001,"Qualified",,24823.43,"CapPass","90% Nf: Cycle 3100-3101",3101,73930,"4-1-1","Alloy 617",314626,"Plate"
77.37,0.00004,"Qualified",,24823.46,"CapPass","90% Nf: Cycle 3100-3101",3101,73931,"4-1-1","Alloy 617",314626,"Plate"
80.24,0.00006,"Qualified",,24823.49,"CapPass","90% Nf: Cycle 3100-3101",3101,73932,"4-1-1","Alloy 617",314626,"Plate"
83.25,0.00009,"Qualified",,24823.52,"CapPass","90% Nf: Cycle 3100-3101",3101,73933,"4-1-1","Alloy 617",314626,"Plate"
86.47,0.00012,"Qualified",,24823.55,"CapPass","90% Nf: Cycle 3100-3101",3101,73934,"4-1-1","Alloy 617",314626,"Plate"
89.81,0.00014,"Qualified",,24823.58,"CapPass","90% Nf: Cycle 3100-3101",3101,73935,"4-1-1","Alloy 617",314626,"Plate"
92.84,0.00017,"Qualified",,24823.61,"CapPass","90% Nf: Cycle 3100-3101",3101,73936,"4-1-1","Alloy 617",314626,"Plate"
95.86,0.00019,"Qualified",,24823.63,"CapPass","90% Nf: Cycle 3100-3101",3101,73937,"4-1-1","Alloy 617",314626,"Plate"
99.16,0.00022,"Qualified",,24823.66,"CapPass","90% Nf: Cycle 3100-3101",3101,73938,"4-1-1","Alloy 617",314626,"Plate"
102.49,0.00024,"Qualified",,24823.68,"CapPass","90% Nf: Cycle 3100-3101",3101,73939,"4-1-1","Alloy 617",314626,"Plate"
105.92,0.00027,"Qualified",,24823.70,"CapPass","90% Nf: Cycle 3100-3101",3101,73940,"4-1-1","Alloy 617",314626,"Plate"
109.24,0.00030,"Qualified",,24823.72,"CapPass","90% Nf: Cycle 3100-3101",3101,73941,"4-1-1","Alloy 617",314626,"Plate"
112.44,0.00032,"Qualified",,24823.73,"CapPass","90% Nf: Cycle 3100-3101",3101,73942,"4-1-1","Alloy 617",314626,"Plate"
115.54,0.00035,"Qualified",,24823.75,"CapPass","90% Nf: Cycle 3100-3101",3101,73943,"4-1-1","Alloy 617",314626,"Plate"
118.71,0.00038,"Qualified",,24823.76,"CapPass","90% Nf: Cycle 3100-3101",3101,73944,"4-1-1","Alloy 617",314626,"Plate"
121.69,0.00040,"Qualified",,24823.78,"CapPass","90% Nf: Cycle 3100-3101",3101,73945,"4-1-1","Alloy 617",314626,"Plate"
124.77,0.00043,"Qualified",,24823.80,"CapPass","90% Nf: Cycle 3100-3101",3101,73946,"4-1-1","Alloy 617",314626,"Plate"
127.91,0.00045,"Qualified",,24823.82,"CapPass","90% Nf: Cycle 3100-3101",3101,73947,"4-1-1","Alloy 617",314626,"Plate"
131.10,0.00048,"Qualified",,24823.84,"CapPass","90% Nf: Cycle 3100-3101",3101,73948,"4-1-1","Alloy 617",314626,"Plate"
133.86,0.00050,"Qualified",,24823.85,"CapPass","90% Nf: Cycle 3100-3101",3101,73949,"4-1-1","Alloy 617",314626,"Plate"
134.39,0.00051,"Qualified",,24823.86,"CapPass","90% Nf: Cycle 3100-3101",3101,73950,"4-1-1","Alloy 617",314626,"Plate"
136.49,0.00053,"Qualified",,24823.87,"CapPass","90% Nf: Cycle 3100-3101",3101,73951,"4-1-1","Alloy 617",314626,"Plate"
139.07,0.00056,"Qualified",,24823.90,"CapPass","90% Nf: Cycle 3100-3101",3101,73952,"4-1-1","Alloy 617",314626,"Plate"
141.33,0.00058,"Qualified",,24823.92,"CapPass","90% Nf: Cycle 3100-3101",3101,73953,"4-1-1","Alloy 617",314626,"Plate"
143.92,0.00061,"Qualified",,24823.94,"CapPass","90% Nf: Cycle 3100-3101",3101,73954,"4-1-1","Alloy 617",314626,"Plate"
146.43,0.00063,"Qualified",,24823.97,"CapPass","90% Nf: Cycle 3100-3101",3101,73955,"4-1-1","Alloy 617",314626,"Plate"
148.78,0.00066,"Qualified",,24823.99,"CapPass","90% Nf: Cycle 3100-3101",3101,73956,"4-1-1","Alloy 617",314626,"Plate"
150.98,0.00068,"Qualified",,24824.02,"CapPass","90% Nf: Cycle 3100-3101",3101,73957,"4-1-1","Alloy 617",314626,"Plate"
153.52,0.00071,"Qualified",,24824.04,"CapPass","90% Nf: Cycle 3100-3101",3101,73958,"4-1-1","Alloy 617",314626,"Plate"
156.23,0.00073,"Qualified",,24824.08,"CapPass","90% Nf: Cycle 3100-3101",3101,73959,"4-1-1","Alloy 617",314626,"Plate"
158.89,0.00076,"Qualified",,24824.10,"CapPass","90% Nf: Cycle 3100-3101",3101,73960,"4-1-1","Alloy 617",314626,"Plate"
160.94,0.00078,"Qualified",,24824.13,"CapPass","90% Nf: Cycle 3100-3101",3101,73961,"4-1-1","Alloy 617",314626,"Plate"
162.64,0.00081,"Qualified",,24824.14,"CapPass","90% Nf: Cycle 3100-3101",3101,73962,"4-1-1","Alloy 617",314626,"Plate"
165.31,0.00084,"Qualified",,24824.17,"CapPass","90% Nf: Cycle 3100-3101",3101,73963,"4-1-1","Alloy 617",314626,"Plate"
167.72,0.00086,"Qualified",,24824.20,"CapPass","90% Nf: Cycle 3100-3101",3101,73964,"4-1-1","Alloy 617",314626,"Plate"
170.08,0.00089,"Qualified",,24824.22,"CapPass","90% Nf: Cycle 3100-3101",3101,73965,"4-1-1","Alloy 617",314626,"Plate"
171.83,0.00091,"Qualified",,24824.25,"CapPass","90% Nf: Cycle 3100-3101",3101,73966,"4-1-1","Alloy 617",314626,"Plate"
174.65,0.00094,"Qualified",,24824.28,"CapPass","90% Nf: Cycle 3100-3101",3101,73967,"4-1-1","Alloy 617",314626,"Plate"
176.43,0.00096,"Qualified",,24824.30,"CapPass","90% Nf: Cycle 3100-3101",3101,73968,"4-1-1","Alloy 617",314626,"Plate"
178.82,0.00099,"Qualified",,24824.33,"CapPass","90% Nf: Cycle 3100-3101",3101,73969,"4-1-1","Alloy 617",314626,"Plate"
180.39,0.00101,"Qualified",,24824.35,"CapPass","90% Nf: Cycle 3100-3101",3101,73970,"4-1-1","Alloy 617",314626,"Plate"
180.97,0.00104,"Qualified",,24824.35,"CapPass","90% Nf: Cycle 3100-3101",3101,73971,"4-1-1","Alloy 617",314626,"Plate"
184.03,0.00107,"Qualified",,24824.40,"CapPass","90% Nf: Cycle 3100-3101",3101,73972,"4-1-1","Alloy 617",314626,"Plate"
185.86,0.00109,"Qualified",,24824.42,"CapPass","90% Nf: Cycle 3100-3101",3101,73973,"4-1-1","Alloy 617",314626,"Plate"
187.84,0.00112,"Qualified",,24824.45,"CapPass","90% Nf: Cycle 3100-3101",3101,73974,"4-1-1","Alloy 617",314626,"Plate"
189.18,0.00114,"Qualified",,24824.48,"CapPass","90% Nf: Cycle 3100-3101",3101,73975,"4-1-1","Alloy 617",314626,"Plate"
190.01,0.00117,"Qualified",,24824.49,"CapPass","90% Nf: Cycle 3100-3101",3101,73976,"4-1-1","Alloy 617",314626,"Plate"
191.96,0.00119,"Qualified",,24824.52,"CapPass","90% Nf: Cycle 3100-3101",3101,73977,"4-1-1","Alloy 617",314626,"Plate"
193.34,0.00122,"Qualified",,24824.54,"CapPass","90% Nf: Cycle 3100-3101",3101,73978,"4-1-1","Alloy 617",314626,"Plate"
194.75,0.00125,"Qualified",,24824.57,"CapPass","90% Nf: Cycle 3100-3101",3101,73979,"4-1-1","Alloy 617",314626,"Plate"
195.70,0.00127,"Qualified",,24824.60,"CapPass","90% Nf: Cycle 3100-3101",3101,73980,"4-1-1","Alloy 617",314626,"Plate"
196.11,0.00130,"Qualified",,24824.61,"CapPass","90% Nf: Cycle 3100-3101",3101,73981,"4-1-1","Alloy 617",314626,"Plate"
197.00,0.00132,"Qualified",,24824.63,"CapPass","90% Nf: Cycle 3100-3101",3101,73982,"4-1-1","Alloy 617",314626,"Plate"
197.34,0.00135,"Qualified",,24824.64,"CapPass","90% Nf: Cycle 3100-3101",3101,73983,"4-1-1","Alloy 617",314626,"Plate"
197.96,0.00138,"Qualified",,24824.66,"CapPass","90% Nf: Cycle 3100-3101",3101,73984,"4-1-1","Alloy 617",314626,"Plate"
198.39,0.00140,"Qualified",,24824.70,"CapPass","90% Nf: Cycle 3100-3101",3101,73985,"4-1-1","Alloy 617",314626,"Plate"
199.53,0.00143,"Qualified",,24824.77,"CapPass","90% Nf: Cycle 3100-3101",3101,73986,"4-1-1","Alloy 617",314626,"Plate"
201.06,0.00145,"Qualified",,24824.80,"CapPass","90% Nf: Cycle 3100-3101",3101,73987,"4-1-1","Alloy 617",314626,"Plate"
203.20,0.00148,"Qualified",,24824.83,"CapPass","90% Nf: Cycle 3100-3101",3101,73988,"4-1-1","Alloy 617",314626,"Plate"
203.47,0.00150,"Qualified",,24824.86,"CapPass","90% Nf: Cycle 3100-3101",3101,73989,"4-1-1","Alloy 617",314626,"Plate"
203.93,0.00150,"Qualified",,24824.86,"CapPass","90% Nf: Cycle 3100-3101",3101,73990,"4-1-1","Alloy 617",314626,"Plate"
205.38,0.00153,"Qualified",,24824.88,"CapPass","90% Nf: Cycle 3100-3101",3101,73991,"4-1-1","Alloy 617",314626,"Plate"
206.24,0.00156,"Qualified",,24824.89,"CapPass","90% Nf: Cycle 3100-3101",3101,73992,"4-1-1","Alloy 617",314626,"Plate"
206.68,0.00158,"Qualified",,24824.90,"CapPass","90% Nf: Cycle 3100-3101",3101,73993,"4-1-1","Alloy 617",314626,"Plate"
207.33,0.00161,"Qualified",,24824.91,"CapPass","90% Nf: Cycle 3100-3101",3101,73994,"4-1-1","Alloy 617",314626,"Plate"
207.93,0.00164,"Qualified",,24824.92,"CapPass","90% Nf: Cycle 3100-3101",3101,73995,"4-1-1","Alloy 617",314626,"Plate"
208.13,0.00166,"Qualified",,24824.93,"CapPass","90% Nf: Cycle 3100-3101",3101,73996,"4-1-1","Alloy 617",314626,"Plate"
208.16,0.00169,"Qualified",,24824.94,"CapPass","90% Nf: Cycle 3100-3101",3101,73997,"4-1-1","Alloy 617",314626,"Plate"
208.19,0.00171,"Qualified",,24824.94,"CapPass","90% Nf: Cycle 3100-3101",3101,73998,"4-1-1","Alloy 617",314626,"Plate"
208.33,0.00174,"Qualified",,24824.95,"CapPass","90% Nf: Cycle 3100-3101",3101,73999,"4-1-1","Alloy 617",314626,"Plate"
208.32,0.00177,"Qualified",,24824.95,"CapPass","90% Nf: Cycle 3100-3101",3101,74000,"4-1-1","Alloy 617",314626,"Plate"
200.83,0.00174,"Qualified",,24825.05,"CapPass","90% Nf: Cycle 3100-3101",3101,74001,"4-1-1","Alloy 617",314626,"Plate"
202.96,0.00177,"Qualified",,24825.15,"CapPass","90% Nf: Cycle 3100-3101",3101,74002,"4-1-1","Alloy 617",314626,"Plate"
206.03,0.00179,"Qualified",,24825.18,"CapPass","90% Nf: Cycle 3100-3101",3101,74003,"4-1-1","Alloy 617",314626,"Plate"
209.00,0.00182,"Qualified",,24825.20,"CapPass","90% Nf: Cycle 3100-3101",3101,74004,"4-1-1","Alloy 617",314626,"Plate"
211.58,0.00184,"Qualified",,24825.22,"CapPass","90% Nf: Cycle 3100-3101",3101,74005,"4-1-1","Alloy 617",314626,"Plate"

